TECHNOLOGIES	 c_inv	 c_maint	 lifetime	  f_min	 f	 f_max	 fmin_perc	f_perc	 fmax_perc	 c_p	 c_p_max	 tau	 gwp_constr
 UNITS	[MCHCapitalf/GW]	 [MCHCapitalf/GW]	 [y]	 [GW or GWh]	 [GW or GWh]	 [GW or GWh]	 [0-1]	 [0-1]	 [0-1]	 [0-1]	 [0-1]	 [-]	 [ktCO2-eq./GW or GWh] 
NUCLEAR	9691.459999	205.861972	60.000000	0.000000	2.000000	2.000000	0.000000	0.168476	1.000000	0.849000	0.849000	0.025393	1415.760000	
CCGT	1869.497969	47.348341	25.000000	0.000000	2.399777	Infinity	0.000000	0.069265	1.000000	0.290899	0.961538	0.048263	441.054942	
CCGT_AMMONIA	0.000329	0.000008	25.000000	0.000000	0.000000	Infinity	0.000000	0.000000	1.000000	0.000505	0.610000	0.048263	0.000078	
COAL_US	0.000000	0.000000	35.000000	0.000000	0.000000	0.000000	0.000000	0.000000	1.000000	0.000000	0.868000	0.036934	0.000000	
COAL_IGCC	0.000000	0.000000	35.000000	0.000000	0.000000	0.000000	0.000000	0.000000	1.000000	0.000000	0.856000	0.036934	0.000000	
PV	22337.753638	255.097892	25.000000	0.000000	23.587415	59.200000	0.000000	0.275084	1.000000	0.117540	1.000000	0.048263	49095.552950	
WIND_ONSHORE	10603.899999	123.331765	30.000000	0.000000	10.000000	10.000000	0.000000	0.238741	1.000000	0.240617	1.000000	0.041639	6228.500000	
WIND_OFFSHORE	30490.679405	212.138802	30.000000	0.000000	6.000000	6.000000	0.000000	0.242964	1.000000	0.408121	1.000000	0.041639	3737.099927	
HYDRO_RIVER	580.165795	5.801152	40.000000	0.000000	0.115000	0.115000	0.000000	0.005420	1.000000	0.475033	1.000000	0.033427	145.224299	
GEOTHERMAL	0.000000	0.000000	30.000000	0.000000	0.000000	0.000000	0.000000	0.000000	1.000000	0.000000	0.950000	0.041639	0.000000	
IND_COGEN_GAS	1571.915998	101.040938	25.000000	0.000000	1.091017	Infinity	0.000000	0.120557	1.000000	0.850000	0.850000	0.048263	1117.550907	
IND_COGEN_WOOD	0.000392	0.000014	25.000000	0.000000	0.000000	Infinity	0.000000	0.000000	1.000000	0.001223	0.850000	0.048263	0.000059	
IND_COGEN_WASTE	0.001069	0.000039	25.000000	0.000000	0.000000	Infinity	0.000000	0.000000	1.000000	0.001097	0.850000	0.048263	0.000229	
IND_BOILER_GAS	255.424845	5.117543	17.000000	0.000000	4.337321	Infinity	0.000000	0.262209	1.000000	0.465033	0.950000	0.067080	53.435797	
IND_BOILER_WOOD	108.216858	2.164324	17.000000	0.000000	0.939546	Infinity	0.000000	0.109926	1.000000	0.899999	0.900000	0.067080	27.124680	
IND_BOILER_OIL	0.000910	0.000020	17.000000	0.000000	0.000017	Infinity	0.000000	0.000000	1.000000	0.000771	0.950000	0.067080	0.000204	
IND_BOILER_COAL	413.240835	8.264768	17.000000	0.000000	3.587783	Infinity	0.000000	0.282462	1.000000	0.605608	0.900000	0.067080	172.859380	
IND_BOILER_WASTE	213.240065	4.264776	17.000000	0.000000	1.851364	Infinity	0.000000	0.216609	1.000000	0.899999	0.900000	0.067080	53.448869	
IND_DIRECT_ELEC	347.145551	1.574796	15.000000	0.000000	1.044549	Infinity	0.000000	0.008185	1.000000	0.060274	0.950000	0.074944	1.535488	
DHN_HP_ELEC	1110.793686	37.666520	25.000000	0.000000	3.140053	Infinity	0.000000	0.889244	1.000000	0.581795	0.950000	0.048263	548.849833	
DHN_COGEN_GAS	361.701529	10.575416	25.000000	0.000000	0.281774	Infinity	0.000000	0.089382	1.000000	0.651682	0.850000	0.048263	138.317036	
DHN_COGEN_WOOD	0.007511	0.000275	25.000000	0.000000	0.000007	Infinity	0.000000	0.000002	1.000000	0.044454	0.850000	0.048263	0.001123	
DHN_COGEN_WET_BIOMASS	0.000550	0.000045	25.000000	0.000000	0.000000	Infinity	0.000000	0.000000	1.000000	0.002024	0.750000	0.048263	0.000401	
DHN_COGEN_BIO_HYDROLYSIS	0.000795	0.000039	15.000000	0.000000	0.000000	Infinity	0.000000	0.000000	1.000000	0.001324	0.850000	0.074944	0.000111	
DHN_COGEN_WASTE	0.001331	0.000049	25.000000	0.000000	0.000000	Infinity	0.000000	0.000000	1.000000	0.002150	0.850000	0.048263	0.000286	
DHN_BOILER_GAS	9.931428	0.198980	17.000000	0.000000	0.168644	Infinity	0.000000	0.020916	1.000000	0.254797	0.950000	0.067080	2.077690	
DHN_BOILER_WOOD	0.000112	0.000002	17.000000	0.000000	0.000001	Infinity	0.000000	0.000000	1.000000	0.000936	0.900000	0.067080	0.000028	
DHN_BOILER_OIL	0.000082	0.000002	17.000000	0.000000	0.000001	Infinity	0.000000	0.000000	1.000000	0.001778	0.950000	0.067080	0.000018	
DHN_DEEP_GEO	0.000000	0.000000	30.000000	0.000000	0.000000	0.000000	0.000000	0.000000	1.000000	0.000000	0.850000	0.041639	0.000000	
DHN_SOLAR	0.000229	0.000000	30.000000	0.000000	0.000001	Infinity	0.000000	0.000000	1.000000	0.000268	1.000000	0.041639	0.000138	
DEC_HP_ELEC	2331.441219	97.208003	18.000000	0.000000	4.617813	Infinity	0.000000	0.131361	1.000000	0.348524	1.000000	0.063806	761.431117	
DEC_THHP_GAS	2120.079046	61.963346	20.000000	0.000000	6.545070	Infinity	0.000000	0.185744	1.000000	0.347697	1.000000	0.058246	2499.758552	
DEC_COGEN_GAS	415.846449	26.730128	20.000000	0.000000	0.288626	Infinity	0.000000	0.008222	1.000000	0.349011	1.000000	0.058246	295.645299	
DEC_COGEN_OIL	0.000409	0.000025	20.000000	0.000000	0.000000	Infinity	0.000000	0.000000	1.000000	0.000332	1.000000	0.058246	0.000314	
DEC_ADVCOGEN_GAS	0.000793	0.000015	20.000000	0.000000	0.000000	Infinity	0.000000	0.000000	1.000000	0.000321	1.000000	0.058246	0.000224	
DEC_ADVCOGEN_H2	0.000647	0.000012	20.000000	0.000000	0.000000	Infinity	0.000000	0.000000	1.000000	0.000155	1.000000	0.058246	0.000183	
DEC_BOILER_GAS	2678.010699	80.353830	17.000000	0.000000	16.891704	Infinity	0.000000	0.465126	1.000000	0.337364	1.000000	0.067080	356.246030	
DEC_BOILER_WOOD	1959.769215	68.574506	17.000000	0.000000	4.237889	Infinity	0.000000	0.117456	1.000000	0.339568	1.000000	0.067080	89.377071	
DEC_BOILER_OIL	476.033359	28.553060	17.000000	0.000000	3.343400	Infinity	0.000000	0.089695	1.000000	0.328687	1.000000	0.067080	70.512316	
DEC_SOLAR	319.873519	3.549072	20.000000	0.000000	0.438664	Infinity	0.000000	0.002356	1.000000	0.065798	1.000000	0.058246	97.041168	
DEC_DIRECT_ELEC	0.000539	0.000002	15.000000	0.000000	0.000013	Infinity	0.000000	0.000000	0.050000	0.000588	1.000000	0.074944	0.000019	
TRAMWAY_TROLLEY	451.436780	9.028736	30.000000	0.000000	0.722299	Infinity	0.000000	0.049998	0.050000	0.342466	0.342466	0.041639	0.000000	
BUS_COACH_DIESEL	2066.946181	104.222398	15.000000	0.000000	3.410915	Infinity	0.000000	0.204625	1.000000	0.296804	0.296804	0.074944	0.000000	
BUS_COACH_HYDIESEL	0.000046	0.000002	15.000000	0.000000	0.000000	Infinity	0.000000	0.000000	1.000000	0.000164	0.296804	0.074944	0.000000	
BUS_COACH_CNG_STOICH	5469.470062	275.402825	15.000000	0.000000	9.013183	Infinity	0.000000	0.540712	1.000000	0.296804	0.296804	0.074944	0.000000	
BUS_COACH_FC_HYBRIDH2	0.000039	0.000001	15.000000	0.000000	0.000000	Infinity	0.000000	0.000000	1.000000	0.000110	0.296804	0.074944	0.000000	
TRAIN_PUB	5542.721575	200.038616	40.000000	0.000000	3.680377	Infinity	0.000000	0.204625	0.500000	0.275073	0.275073	0.033427	0.000000	
CAR_GASOLINE	0.032600	0.001877	10.000000	0.000000	0.000078	Infinity	0.000000	0.000000	1.000000	0.040186	0.051370	0.108434	0.000000	
CAR_DIESEL	36441.559787	2030.123337	10.000000	0.000000	84.588472	Infinity	0.000000	0.362232	1.000000	0.051370	0.051370	0.108434	0.000000	
CAR_NG	168.552263	9.487662	10.000000	0.000000	0.395319	Infinity	0.000000	0.001693	1.000000	0.051370	0.051370	0.108434	0.000000	
CAR_METHANOL	0.003096	0.000178	10.000000	0.000000	0.000007	Infinity	0.000000	0.000000	1.000000	0.003819	0.051370	0.108434	0.000000	
CAR_HEV	0.000167	0.000013	10.000000	0.000000	0.000000	Infinity	0.000000	0.000000	1.000000	0.000204	0.051370	0.108434	0.000000	
CAR_PHEV	0.000976	0.000072	10.000000	0.000000	0.000002	Infinity	0.000000	0.000000	1.000000	0.000391	0.051370	0.108434	0.000000	
CAR_BEV	66164.070337	1485.264335	10.000000	0.000000	148.526434	Infinity	0.000000	0.636033	1.000000	0.051370	0.051370	0.108434	0.000000	
CAR_FUEL_CELL	0.000034	0.000000	10.000000	0.000000	0.000000	Infinity	0.000000	0.000000	1.000000	0.000027	0.051370	0.108434	0.000000	
TRAIN_FREIGHT	715.746188	14.314318	40.000000	0.000000	6.854493	Infinity	0.000000	1.000000	1.000000	0.342466	0.342466	0.033427	0.000000	
BOAT_FREIGHT_DIESEL	817.571529	41.223354	40.000000	0.000000	10.793023	Infinity	0.000000	0.520676	1.000000	0.114155	0.114155	0.033427	0.000000	
BOAT_FREIGHT_NG	753.566975	37.946041	40.000000	0.000000	9.934963	Infinity	0.000000	0.479282	1.000000	0.114155	0.114155	0.033427	0.000000	
BOAT_FREIGHT_METHANOL	0.000057	0.000003	40.000000	0.000000	0.000001	Infinity	0.000000	0.000000	1.000000	0.000848	0.114155	0.033427	0.000000	
TRUCK_DIESEL	9620.082864	485.070603	15.000000	0.000000	26.141530	Infinity	0.000000	0.517615	1.000000	0.092593	0.092593	0.074944	0.000000	
TRUCK_FUEL_CELL	6795.928572	202.469519	15.000000	0.000000	16.779242	Infinity	0.000000	0.332237	1.000000	0.092593	0.092593	0.074944	0.000000	
TRUCK_NG	2793.630364	140.667454	15.000000	0.000000	7.580881	Infinity	0.000000	0.150105	1.000000	0.092593	0.092593	0.074944	0.000000	
TRUCK_METHANOL	0.000125	0.000006	15.000000	0.000000	0.000000	Infinity	0.000000	0.000000	1.000000	0.000314	0.092593	0.074944	0.000000	
TRUCK_ELEC	0.000008	0.000000	15.000000	0.000000	0.000000	Infinity	0.000000	0.000000	1.000000	0.000011	0.092593	0.074944	0.000000	
HABER_BOSCH	0.001030	0.000020	20.000000	0.000000	0.000001	Infinity	0.000000	0.000631	1.000000	0.000631	1.000000	0.058246	0.000000	
OIL_TO_HVC	0.000017	0.000000	15.000000	0.000000	0.000000	Infinity	0.000000	0.000000	1.000000	0.000000	1.000000	0.074944	0.000000	
GAS_TO_HVC	0.000000	0.000000	25.000000	0.000000	0.000000	Infinity	0.000000	0.000000	1.000000	0.000000	1.000000	0.048263	0.000000	
BIOMASS_TO_HVC	0.000000	0.000000	20.000000	0.000000	0.000000	Infinity	0.000000	0.000000	1.000000	0.000000	1.000000	0.058246	0.000000	
METHANOL_TO_HVC	0.000000	0.000000	20.000000	0.000000	0.000000	Infinity	0.000000	0.000000	1.000000	0.000000	1.000000	0.058246	0.000000	
SYN_METHANOLATION	0.000308	0.000009	20.000000	0.000000	0.000000	Infinity	0.000000	0.000185	1.000000	0.000554	0.950000	0.058246	0.000000	
METHANE_TO_METHANOL	0.000213	0.000009	25.000000	0.000000	0.000000	Infinity	0.000000	0.000074	1.000000	0.000222	0.850000	0.048263	0.000000	
BIOMASS_TO_METHANOL	0.000342	0.000005	20.000000	0.000000	0.000000	Infinity	0.000000	0.000181	1.000000	0.000544	1.000000	0.058246	0.000000	
PHS	382.199992	0.000000	50.000000	5.000000	6.500000	6.500000	0.000000	-1.000000	1.000000	0.004456	1.000000	0.028572	
BATT_LI	0.001053	0.000002	15.000000	0.000000	0.000003	Infinity	0.000000	-1.000000	1.000000	0.000450	1.000000	0.074944	
BEV_BATT	0.000000	0.000000	1.000000	0.000000	147.347652	Infinity	0.000000	-1.000000	1.000000	0.004151	1.000000	1.015000	
PHEV_BATT	0.000000	0.000000	1.000000	0.000000	0.000000	Infinity	0.000000	-1.000000	1.000000	0.000017	1.000000	1.015000	
TS_DEC_HP_ELEC	55.593452	0.389191	20.000000	0.000000	2.930598	Infinity	0.000000	-1.000000	1.000000	0.052599	1.000000	0.058246	
TS_DEC_DIRECT_ELEC	0.001357	0.000010	20.000000	0.000000	0.000072	Infinity	0.000000	-1.000000	1.000000	0.000646	1.000000	0.058246	
TS_DHN_DAILY	0.002501	0.000007	40.000000	0.000000	0.000834	Infinity	0.000000	-1.000000	1.000000	0.000228	1.000000	0.033427	
TS_DHN_SEASONAL	256.156387	1.397217	25.000000	0.000000	465.738886	Infinity	0.000000	-1.000000	1.000000	0.000946	1.000000	0.048263	
TS_DEC_THHP_GAS	75.189029	0.526374	20.000000	0.000000	3.963576	Infinity	0.000000	-1.000000	1.000000	0.024021	1.000000	0.058246	
TS_DEC_COGEN_GAS	5.185734	0.036304	20.000000	0.000000	0.273365	Infinity	0.000000	-1.000000	1.000000	0.056794	1.000000	0.058246	
TS_DEC_COGEN_OIL	0.001357	0.000009	20.000000	0.000000	0.000072	Infinity	0.000000	-1.000000	1.000000	0.000585	1.000000	0.058246	
TS_DEC_ADVCOGEN_GAS	0.001358	0.000010	20.000000	0.000000	0.000072	Infinity	0.000000	-1.000000	1.000000	0.000608	1.000000	0.058246	
TS_DEC_ADVCOGEN_H2	0.001349	0.000009	20.000000	0.000000	0.000071	Infinity	0.000000	-1.000000	1.000000	0.000485	1.000000	0.058246	
TS_DEC_BOILER_GAS	86.045431	0.602376	20.000000	0.000000	4.535869	Infinity	0.000000	-1.000000	1.000000	0.016423	1.000000	0.058246	
TS_DEC_BOILER_WOOD	23.504021	0.164544	20.000000	0.000000	1.239010	Infinity	0.000000	-1.000000	1.000000	0.019111	1.000000	0.058246	
TS_DEC_BOILER_OIL	17.028398	0.119210	20.000000	0.000000	0.897649	Infinity	0.000000	-1.000000	1.000000	0.012014	1.000000	0.058246	
TS_HIGH_TEMP	0.001872	0.000020	25.000000	0.000000	0.000067	Infinity	0.000000	-1.000000	1.000000	0.009787	1.000000	0.048263	
GAS_STORAGE	571.264305	14.957573	50.000000	0.000000	11425.286096	Infinity	0.000000	-1.000000	1.000000	0.000138	1.000000	0.028572	
H2_STORAGE	0.011209	0.000706	20.000000	0.000000	0.001811	Infinity	0.000000	-1.000000	1.000000	0.000010	1.000000	0.058246	
CO2_STORAGE	0.025634	0.000256	30.000000	0.000000	0.000518	Infinity	0.000000	-1.000000	1.000000	0.000004	1.000000	0.041639	
GASOLINE_STORAGE	0.012329	0.000489	20.000000	0.000000	1.232942	Infinity	0.000000	-1.000000	1.000000	0.000001	1.000000	0.058246	
DIESEL_STORAGE	0.012329	0.000489	20.000000	0.000000	1.232933	Infinity	0.000000	-1.000000	1.000000	0.000023	1.000000	0.058246	
METHANOL_STORAGE	0.012329	0.000489	20.000000	0.000000	1.232896	Infinity	0.000000	-1.000000	1.000000	0.000000	1.000000	0.058246	
AMMONIA_STORAGE	0.012329	0.000489	20.000000	0.000000	1.232901	Infinity	0.000000	-1.000000	1.000000	0.000000	1.000000	0.058246	
LFO_STORAGE	0.012332	0.000490	20.000000	0.000000	1.233164	Infinity	0.000000	-1.000000	1.000000	0.000074	1.000000	0.058246	
EFFICIENCY	2400.000002	0.000000	1.000000	0.000000	0.428571	Infinity	0.000000	-1.000000	1.000000	0.000000	1.000000	1.015000	
DHN	2965.306784	0.000000	60.000000	0.000000	3.590481	Infinity	0.000000	-1.000000	1.000000	0.000000	1.000000	0.025393	
GRID	89487.228632	0.000000	80.000000	0.000000	1.194452	Infinity	0.000000	-1.000000	1.000000	0.000000	1.000000	0.021548	
H2_ELECTROLYSIS	0.000150	0.000004	15.000000	0.000000	0.000000	Infinity	0.000000	-1.000000	1.000000	0.000549	0.900000	0.074944	
SMR	0.000577	0.000053	25.000000	0.000000	0.000001	Infinity	0.000000	-1.000000	1.000000	0.004421	0.860000	0.048263	
H2_BIOMASS	0.000205	0.000014	25.000000	0.000000	0.000000	Infinity	0.000000	-1.000000	1.000000	0.000245	0.860000	0.048263	
GASIFICATION_SNG	0.000244	0.000017	25.000000	0.000000	0.000000	Infinity	0.000000	-1.000000	1.000000	0.000385	0.850000	0.048263	
SYN_METHANATION	0.000097	0.000025	40.000000	0.000000	0.000000	Infinity	0.000000	-1.000000	1.000000	0.000870	1.000000	0.033427	
BIOMETHANATION	341.382648	4.728947	20.000000	0.000000	0.337782	Infinity	0.000000	-1.000000	1.000000	0.849999	0.850000	0.058246	
BIO_HYDROLYSIS	2825.609178	192.652036	15.000000	0.000000	1.731760	Infinity	0.000000	-1.000000	1.000000	0.850000	0.850000	0.074944	
PYROLYSIS_TO_LFO	0.000333	0.000015	25.000000	0.000000	0.000000	Infinity	0.000000	-1.000000	1.000000	0.001196	0.850000	0.048263	
PYROLYSIS_TO_FUELS	0.000481	0.000013	25.000000	0.000000	0.000000	Infinity	0.000000	-1.000000	1.000000	0.002015	0.850000	0.048263	
ATM_CCS	0.000433	0.000011	40.000000	0.000000	0.000000	Infinity	0.000000	-1.000000	1.000000	0.000107	1.000000	0.033427	
INDUSTRY_CCS	0.000435	0.000011	40.000000	0.000000	0.000000	Infinity	0.000000	-1.000000	1.000000	0.000226	1.000000	0.033427	
AMMONIA_TO_H2	0.000189	0.000017	25.000000	0.000000	0.000000	Infinity	0.000000	-1.000000	1.000000	0.000623	0.860000	0.048263	