TECHNOLOGIES	 c_inv	 c_maint	 lifetime	  f_min	 f	 f_max	 fmin_perc	f_perc	 fmax_perc	 c_p	 c_p_max	 tau	 gwp_constr
 UNITS	[MCHCapitalf/GW]	 [MCHCapitalf/GW]	 [y]	 [GW or GWh]	 [GW or GWh]	 [GW or GWh]	 [0-1]	 [0-1]	 [0-1]	 [0-1]	 [0-1]	 [-]	 [ktCO2-eq./GW or GWh] 
NUCLEAR	28798.173390	611.718850	60.000000	5.943000	5.943000	5.945000	0.000000	0.464282	1.000000	0.660767	0.843906	0.025393	4206.930840	
CCGT	3185.727732	80.684139	25.000000	3.857000	3.857000	3.859000	0.000000	0.263681	1.000000	0.578231	0.955769	0.048263	708.878033	
CCGT_AMMONIA	0.000000	0.000000	25.000000	0.000000	0.000000	0.000000	0.000000	0.000000	1.000000	0.000000	0.590000	0.048263	0.000000	
COAL_US	653.298145	7.627581	35.000000	0.000000	0.251387	Infinity	0.000000	0.025643	1.000000	0.862792	0.862792	0.036934	83.360076	
COAL_IGCC	0.000000	0.000000	35.000000	0.000000	0.000000	0.000000	0.000000	0.000000	1.000000	0.000000	0.850864	0.036934	0.000000	
PV	7203.015001	82.259151	25.000000	5.900000	5.900000	5.902000	0.000000	0.068832	1.000000	0.098677	1.000000	0.048263	12280.437001	
WIND_ONSHORE	3114.120334	36.219640	30.000000	2.468000	2.726996	10.000000	0.000000	0.078429	1.000000	0.243255	1.000000	0.041639	1698.509449	
WIND_OFFSHORE	12348.576501	85.915152	30.000000	2.305000	2.305000	2.307000	0.000000	0.094327	1.000000	0.346131	1.000000	0.041639	1435.669250	
HYDRO_RIVER	420.029500	4.199929	40.000000	0.000000	0.083258	0.115000	0.000000	0.004764	1.000000	0.484000	1.000000	0.033427	105.139755	
GEOTHERMAL	0.000000	0.000000	30.000000	0.000000	0.000000	0.000000	0.000000	0.000000	1.000000	0.000000	0.950000	0.041639	0.000000	
IND_COGEN_GAS	1667.183615	107.164630	25.000000	0.000000	1.091017	Infinity	0.055000	0.055097	1.000000	0.342534	0.844900	0.048263	1117.550894	
IND_COGEN_WOOD	0.000000	0.000000	25.000000	0.000000	0.000000	Infinity	0.000000	0.000000	0.000000	0.000000	0.844900	0.048263	0.000000	
IND_COGEN_WASTE	235.066154	8.665764	25.000000	0.000000	0.073853	Infinity	0.009200	0.009199	1.000000	0.844900	0.844900	0.048263	47.843186	
IND_BOILER_GAS	336.863272	6.749005	17.000000	0.000000	4.766708	Infinity	0.573000	0.572966	1.000000	0.815303	0.944300	0.067080	58.725846	
IND_BOILER_WOOD	0.000000	0.000000	17.000000	0.000000	0.000000	0.000000	0.000000	0.000000	0.000000	0.000000	0.894600	0.067080	0.000000	
IND_BOILER_OIL	101.186759	2.176311	17.000000	0.000000	1.537092	Infinity	0.214000	0.213987	1.000000	0.944272	0.944300	0.067080	18.936972	
IND_BOILER_COAL	260.289535	5.205609	17.000000	0.000000	1.883154	Infinity	0.132000	0.131992	1.000000	0.475413	0.894600	0.067080	90.730356	
IND_BOILER_WASTE	32.712428	0.654226	17.000000	0.000000	0.236669	Infinity	0.016700	0.016699	1.000000	0.478584	0.894600	0.067080	6.832642	
IND_DIRECT_ELEC	0.000000	0.000000	15.000000	0.000000	0.000000	0.000000	0.000000	0.000000	0.000000	0.000000	0.944300	0.074944	0.000000	
DHN_HP_ELEC	21.374002	0.724765	25.000000	0.000000	0.054012	Infinity	0.044000	0.052874	1.000000	0.303341	0.944300	0.048263	9.440684	
DHN_COGEN_GAS	416.203759	12.168929	25.000000	0.000000	0.305704	Infinity	0.594000	0.592594	1.000000	0.600669	0.844900	0.048263	150.063976	
DHN_COGEN_WOOD	28.324863	1.037045	25.000000	0.000000	0.024148	Infinity	0.066000	0.065844	1.000000	0.844900	0.844900	0.048263	3.992455	
DHN_COGEN_WET_BIOMASS	0.000583	0.000047	25.000000	0.000000	0.000000	Infinity	0.000000	0.000001	1.000000	0.001895	0.745500	0.048263	0.000400	
DHN_COGEN_BIO_HYDROLYSIS	0.000656	0.000032	15.000000	0.000000	0.000000	Infinity	0.000000	0.000000	1.000000	0.000789	0.844900	0.074944	0.000086	
DHN_COGEN_WASTE	164.205524	6.053471	25.000000	0.000000	0.051590	Infinity	0.141000	0.140666	1.000000	0.844900	0.844900	0.048263	33.420870	
DHN_BOILER_GAS	20.013851	0.400975	17.000000	0.000000	0.283202	Infinity	0.139000	0.138671	1.000000	0.151729	0.944300	0.067080	3.489043	
DHN_BOILER_WOOD	0.000000	0.000000	17.000000	0.000000	0.000000	Infinity	0.000000	0.000000	0.000000	0.000000	0.894600	0.067080	0.000000	
DHN_BOILER_OIL	8.293515	0.178376	17.000000	0.000000	0.125984	Infinity	0.007000	0.006983	1.000000	0.017176	0.944300	0.067080	1.552121	
DHN_DEEP_GEO	0.000000	0.000000	30.000000	0.000000	0.000000	0.000000	0.000000	0.000000	0.000000	0.000000	0.844900	0.041639	0.000000	
DHN_SOLAR	0.000000	0.000000	30.000000	0.000000	0.000000	0.000000	0.000000	0.000000	0.000000	0.000000	1.000000	0.041639	0.000000	
DEC_HP_ELEC	285.800369	11.916292	18.000000	0.000000	0.506038	Infinity	0.011000	0.011000	1.000000	0.312814	1.000000	0.063806	83.440672	
DEC_THHP_GAS	0.000000	0.000000	20.000000	0.000000	0.000000	Infinity	0.000000	0.000000	0.000000	0.000000	1.000000	0.058246	0.000000	
DEC_COGEN_GAS	492.078110	31.630210	20.000000	0.000000	0.322020	Infinity	0.007000	0.007000	1.000000	0.312818	1.000000	0.058246	329.851089	
DEC_COGEN_OIL	0.000000	0.000000	20.000000	0.000000	0.000000	Infinity	0.000000	0.000000	0.000000	0.000000	1.000000	0.058246	0.000000	
DEC_ADVCOGEN_GAS	0.000000	0.000000	20.000000	0.000000	0.000000	Infinity	0.000000	0.000000	0.000000	0.000000	1.000000	0.058246	0.000000	
DEC_ADVCOGEN_H2	0.000000	0.000000	20.000000	0.000000	0.000000	Infinity	0.000000	0.000000	0.000000	0.000000	1.000000	0.058246	0.000000	
DEC_BOILER_GAS	3465.622465	103.990528	17.000000	0.000000	18.217107	Infinity	0.396000	0.395985	1.000000	0.312818	1.000000	0.067080	384.198790	
DEC_BOILER_WOOD	2552.833042	89.326148	17.000000	0.000000	4.600279	Infinity	0.100000	0.099996	1.000000	0.312818	1.000000	0.067080	97.019892	
DEC_BOILER_OIL	3820.020650	229.124118	17.000000	0.000000	22.357607	Infinity	0.484000	0.483981	1.000000	0.311528	1.000000	0.067080	471.521922	
DEC_SOLAR	332.314023	3.687091	20.000000	0.000000	0.438664	Infinity	0.002000	0.002000	1.000000	0.065611	1.000000	0.058246	97.041169	
DEC_DIRECT_ELEC	0.000000	0.000000	15.000000	0.000000	0.000000	Infinity	0.000000	0.000000	0.000000	0.000000	1.000000	0.074944	0.000000	
TRAMWAY_TROLLEY	214.834754	4.296695	30.000000	0.000000	0.343736	Infinity	0.050000	0.049996	0.050000	0.342466	0.342466	0.041639	0.000000	
BUS_COACH_DIESEL	1971.304125	104.222398	15.000000	0.000000	3.410915	Infinity	0.430000	0.429963	1.000000	0.296804	0.296804	0.074944	0.000000	
BUS_COACH_HYDIESEL	0.000000	0.000000	15.000000	0.000000	0.000000	Infinity	0.000000	0.000000	0.000000	0.000000	0.296804	0.074944	0.000000	
BUS_COACH_CNG_STOICH	417.667317	21.813990	15.000000	0.000000	0.713912	Infinity	0.090000	0.089992	1.000000	0.296804	0.296804	0.074944	0.000000	
BUS_COACH_FC_HYBRIDH2	0.000000	0.000000	15.000000	0.000000	0.000000	Infinity	0.000000	0.000000	0.000000	0.000000	0.296804	0.074944	0.000000	
TRAIN_PUB	5542.721553	200.038615	40.000000	0.000000	3.680377	Infinity	0.430000	0.429963	0.500000	0.275073	0.275073	0.033427	0.000000	
CAR_GASOLINE	38103.443065	2300.758884	10.000000	0.000000	95.864953	Infinity	0.485000	0.484986	1.000000	0.051370	0.051370	0.108434	0.000000	
CAR_DIESEL	38900.743345	2272.294985	10.000000	0.000000	94.678958	Infinity	0.479000	0.478986	1.000000	0.051370	0.051370	0.108434	0.000000	
CAR_NG	162.499923	9.487662	10.000000	0.000000	0.395319	Infinity	0.002000	0.002000	1.000000	0.051370	0.051370	0.108434	0.000000	
CAR_METHANOL	0.000000	0.000000	10.000000	0.000000	0.000000	Infinity	0.000000	0.000000	0.000000	0.000000	0.051370	0.108434	0.000000	
CAR_HEV	2513.400169	201.612810	10.000000	0.000000	5.929789	Infinity	0.030000	0.029999	1.000000	0.051370	0.051370	0.108434	0.000000	
CAR_PHEV	0.000622	0.000045	10.000000	0.000000	0.000001	Infinity	0.000000	0.000000	0.000000	0.000000	0.051370	0.108434	0.000000	
CAR_BEV	485.183235	7.906385	10.000000	0.000000	0.790639	Infinity	0.004000	0.004000	1.000000	0.051370	0.051370	0.108434	0.000000	
CAR_FUEL_CELL	0.000000	0.000000	10.000000	0.000000	0.000000	Infinity	0.000000	0.000000	0.000000	0.000000	0.051370	0.108434	0.000000	
TRAIN_FREIGHT	262.486792	5.249514	40.000000	0.000000	2.513760	Infinity	0.000000	1.000000	1.000000	0.342466	0.342466	0.033427	0.000000	
BOAT_FREIGHT_DIESEL	779.688015	41.223354	40.000000	0.000000	10.793023	Infinity	0.000000	0.999838	1.000000	0.114155	0.114155	0.033427	0.000000	
BOAT_FREIGHT_NG	0.000000	0.000000	40.000000	0.000000	0.000000	0.000000	0.000000	0.000000	0.000000	0.000000	0.114155	0.033427	0.000000	
BOAT_FREIGHT_METHANOL	0.000000	0.000000	40.000000	0.000000	0.000000	0.000000	0.000000	0.000000	1.000000	0.000000	0.114155	0.033427	0.000000	
TRUCK_DIESEL	22003.689339	1163.320740	15.000000	0.000000	62.693932	Infinity	0.000000	0.999931	1.000000	0.092593	0.092593	0.074944	0.000000	
TRUCK_FUEL_CELL	0.000000	0.000000	15.000000	0.000000	0.000000	0.000000	0.000000	0.000000	0.000000	0.000000	0.092593	0.074944	0.000000	
TRUCK_NG	0.000000	0.000000	15.000000	0.000000	0.000000	Infinity	0.000000	0.000000	0.000000	0.000000	0.092593	0.074944	0.000000	
TRUCK_METHANOL	0.000000	0.000000	15.000000	0.000000	0.000000	0.000000	0.000000	0.000000	1.000000	0.000000	0.092593	0.074944	0.000000	
TRUCK_ELEC	0.000000	0.000000	15.000000	0.000000	0.000000	0.000000	0.000000	0.000000	0.000000	0.000000	0.092593	0.074944	0.000000	
HABER_BOSCH	1089.286100	21.297097	20.000000	1.130000	1.130000	Infinity	0.000000	0.000000	1.000000	0.000000	0.994000	0.058246	0.000000	
OIL_TO_HVC	2062.085850	10.963006	15.000000	4.587000	4.587000	Infinity	0.000000	0.000000	1.000000	0.000000	0.994000	0.074944	0.000000	
GAS_TO_HVC	0.000000	0.000000	25.000000	0.000000	0.000000	0.000000	0.000000	0.000000	1.000000	0.000000	0.994000	0.048263	0.000000	
BIOMASS_TO_HVC	0.000000	0.000000	20.000000	0.000000	0.000000	0.000000	0.000000	0.000000	1.000000	0.000000	0.994000	0.058246	0.000000	
METHANOL_TO_HVC	0.000000	0.000000	20.000000	0.000000	0.000000	0.000000	0.000000	0.000000	1.000000	0.000000	0.994000	0.058246	0.000000	
SYN_METHANOLATION	0.000000	0.000000	20.000000	0.000000	0.000000	0.000000	0.000000	0.000000	1.000000	0.000000	0.944300	0.058246	0.000000	
METHANE_TO_METHANOL	0.000000	0.000000	25.000000	0.000000	0.000000	0.000000	0.000000	0.000000	1.000000	0.000000	0.844900	0.048263	0.000000	
BIOMASS_TO_METHANOL	0.000000	0.000000	20.000000	0.000000	0.000000	0.000000	0.000000	0.000000	1.000000	0.000000	0.994000	0.058246	0.000000	
PHS	382.199992	0.000000	50.000000	5.000000	6.500000	6.500000	0.000000	-1.000000	1.000000	0.004452	1.000000	0.028572	
BATT_LI	0.001370	0.000002	15.000000	0.000000	0.000003	Infinity	0.000000	-1.000000	1.000000	0.000333	1.000000	0.074944	
BEV_BATT	0.000000	0.000000	1.000000	0.000000	0.784364	Infinity	0.000000	-1.000000	1.000000	0.007719	1.000000	1.015000	
PHEV_BATT	0.000000	0.000000	1.000000	0.000000	0.000000	Infinity	0.000000	-1.000000	1.000000	0.000002	1.000000	1.015000	
TS_DEC_HP_ELEC	0.000000	0.000000	20.000000	0.000000	0.000000	0.000000	0.000000	-1.000000	1.000000	0.000000	1.000000	0.058246	
TS_DEC_DIRECT_ELEC	0.000000	0.000000	20.000000	0.000000	0.000000	0.000000	0.000000	-1.000000	1.000000	0.000000	1.000000	0.058246	
TS_DHN_DAILY	0.000000	0.000000	40.000000	0.000000	0.000000	0.000000	0.000000	-1.000000	1.000000	0.000000	1.000000	0.033427	
TS_DHN_SEASONAL	0.000000	0.000000	25.000000	0.000000	0.000000	0.000000	0.000000	-1.000000	1.000000	0.000000	1.000000	0.048263	
TS_DEC_THHP_GAS	0.000000	0.000000	20.000000	0.000000	0.000000	0.000000	0.000000	-1.000000	1.000000	0.000000	1.000000	0.058246	
TS_DEC_COGEN_GAS	0.000000	0.000000	20.000000	0.000000	0.000000	0.000000	0.000000	-1.000000	1.000000	0.000000	1.000000	0.058246	
TS_DEC_COGEN_OIL	0.000000	0.000000	20.000000	0.000000	0.000000	0.000000	0.000000	-1.000000	1.000000	0.000000	1.000000	0.058246	
TS_DEC_ADVCOGEN_GAS	0.000000	0.000000	20.000000	0.000000	0.000000	0.000000	0.000000	-1.000000	1.000000	0.000000	1.000000	0.058246	
TS_DEC_ADVCOGEN_H2	0.000000	0.000000	20.000000	0.000000	0.000000	0.000000	0.000000	-1.000000	1.000000	0.000000	1.000000	0.058246	
TS_DEC_BOILER_GAS	0.000000	0.000000	20.000000	0.000000	0.000000	0.000000	0.000000	-1.000000	1.000000	0.000000	1.000000	0.058246	
TS_DEC_BOILER_WOOD	0.000000	0.000000	20.000000	0.000000	0.000000	0.000000	0.000000	-1.000000	1.000000	0.000000	1.000000	0.058246	
TS_DEC_BOILER_OIL	0.000000	0.000000	20.000000	0.000000	0.000000	0.000000	0.000000	-1.000000	1.000000	0.000000	1.000000	0.058246	
TS_HIGH_TEMP	0.000000	0.000000	25.000000	0.000000	0.000000	0.000000	0.000000	-1.000000	1.000000	0.000000	1.000000	0.048263	
GAS_STORAGE	571.260114	14.957464	50.000000	0.000000	11425.202285	Infinity	0.000000	-1.000000	1.000000	0.000150	1.000000	0.028572	
H2_STORAGE	0.011178	0.000704	20.000000	0.000000	0.001806	Infinity	0.000000	-1.000000	1.000000	0.000014	1.000000	0.058246	
CO2_STORAGE	0.000000	0.000000	30.000000	0.000000	0.000000	0.000000	0.000000	-1.000000	1.000000	0.000000	1.000000	0.041639	
GASOLINE_STORAGE	0.000000	0.000000	20.000000	0.000000	0.000000	0.000000	0.000000	-1.000000	1.000000	0.000000	1.000000	0.058246	
DIESEL_STORAGE	0.000000	0.000000	20.000000	0.000000	0.000000	0.000000	0.000000	-1.000000	1.000000	0.000000	1.000000	0.058246	
METHANOL_STORAGE	0.000000	0.000000	20.000000	0.000000	0.000000	0.000000	0.000000	-1.000000	1.000000	0.000000	1.000000	0.058246	
AMMONIA_STORAGE	0.000000	0.000000	20.000000	0.000000	0.000000	0.000000	0.000000	-1.000000	1.000000	0.000000	1.000000	0.058246	
LFO_STORAGE	0.000000	0.000000	20.000000	0.000000	0.000000	0.000000	0.000000	-1.000000	1.000000	0.000000	1.000000	0.058246	
EFFICIENCY	800.000001	0.000000	1.000000	0.000000	0.142857	100.000000	0.000000	-1.000000	1.000000	0.000000	1.000000	1.015000	
DHN	697.570934	0.000000	60.000000	0.000000	0.844640	100.000000	0.000000	-1.000000	1.000000	0.000000	1.000000	0.025393	
GRID	75014.370523	0.000000	80.000000	0.000000	1.001272	100.000000	0.000000	-1.000000	1.000000	0.000000	1.000000	0.021548	
H2_ELECTROLYSIS	0.000000	0.000000	15.000000	0.000000	0.000000	0.000000	0.000000	-1.000000	1.000000	0.000000	0.894600	0.074944	
SMR	1151.365050	106.248502	25.000000	1.485000	1.485000	1.487000	0.000000	-1.000000	1.000000	0.000000	0.854840	0.048263	
H2_BIOMASS	0.000000	0.000000	25.000000	0.000000	0.000000	0.000000	0.000000	-1.000000	1.000000	0.000000	0.854840	0.048263	
GASIFICATION_SNG	0.000000	0.000000	25.000000	0.000000	0.000000	0.000000	0.000000	-1.000000	1.000000	0.000000	0.844900	0.048263	
SYN_METHANATION	0.000000	0.000000	40.000000	0.000000	0.000000	0.000000	0.000000	-1.000000	1.000000	0.000000	1.000000	0.033427	
BIOMETHANATION	379.061540	5.250917	20.000000	0.000000	0.337778	Infinity	0.000000	-1.000000	1.000000	0.844898	0.844900	0.058246	
BIO_HYDROLYSIS	0.000000	0.000000	15.000000	0.000000	0.000000	0.000000	0.000000	-1.000000	1.000000	0.000000	0.844900	0.074944	
PYROLYSIS_TO_LFO	0.000000	0.000000	25.000000	0.000000	0.000000	0.000000	0.000000	-1.000000	1.000000	0.000000	0.844900	0.048263	
PYROLYSIS_TO_FUELS	0.000000	0.000000	25.000000	0.000000	0.000000	0.000000	0.000000	-1.000000	1.000000	0.000000	0.844900	0.048263	
ATM_CCS	0.000000	0.000000	40.000000	0.000000	0.000000	0.000000	0.000000	-1.000000	1.000000	0.000000	1.000000	0.033427	
INDUSTRY_CCS	0.000000	0.000000	40.000000	0.000000	0.000000	0.000000	0.000000	-1.000000	1.000000	0.000000	1.000000	0.033427	
AMMONIA_TO_H2	0.000000	0.000000	25.000000	0.000000	0.000000	0.000000	0.000000	-1.000000	1.000000	0.000000	0.854840	0.048263	