TECHNOLOGIES	 c_inv	 c_maint	 lifetime	  f_min	 f	 f_max	 fmin_perc	f_perc	 fmax_perc	 c_p	 c_p_max	 tau	 gwp_constr
 UNITS	[MCHCapitalf/GW]	 [MCHCapitalf/GW]	 [y]	 [GW or GWh]	 [GW or GWh]	 [GW or GWh]	 [0-1]	 [0-1]	 [0-1]	 [0-1]	 [0-1]	 [-]	 [ktCO2-eq./GW or GWh] 
NUCLEAR	0.000000	0.000000	60.000000	0.000000	0.000000	0.000000	0.000000	0.000000	1.000000	0.000000	0.849000	0.025393	0.000000	
CCGT	0.022926	0.000581	25.000000	0.000000	0.000031	Infinity	0.000000	0.000000	1.000000	0.025494	0.961538	0.048263	0.005612	
CCGT_AMMONIA	3448.425332	87.337734	25.000000	0.000000	4.592573	Infinity	0.000000	0.194903	1.000000	0.630000	0.630000	0.048263	844.069002	
COAL_US	0.000000	0.000000	35.000000	0.000000	0.000000	0.000000	0.000000	0.000000	1.000000	0.000000	0.868000	0.036934	0.000000	
COAL_IGCC	0.000000	0.000000	35.000000	0.000000	0.000000	0.000000	0.000000	0.000000	1.000000	0.000000	0.856000	0.036934	0.000000	
PV	37809.862373	431.792088	25.000000	0.000000	59.174994	59.200000	0.000000	0.472245	1.000000	0.118470	1.000000	0.048263	123168.607620	
WIND_ONSHORE	9788.199999	113.844706	30.000000	0.000000	10.000000	10.000000	0.000000	0.163207	1.000000	0.242280	1.000000	0.041639	6228.499999	
WIND_OFFSHORE	27919.199997	194.247581	30.000000	0.000000	6.000000	6.000000	0.000000	0.165930	1.000000	0.410537	1.000000	0.041639	3737.100000	
HYDRO_RIVER	580.165798	5.801152	40.000000	0.000000	0.115000	0.115000	0.000000	0.003676	1.000000	0.474521	1.000000	0.033427	145.224299	
GEOTHERMAL	0.000000	0.000000	30.000000	0.000000	0.000000	0.000000	0.000000	0.000000	1.000000	0.000000	0.950000	0.041639	0.000000	
IND_COGEN_GAS	2305.118988	148.170376	25.000000	0.000000	1.759902	Infinity	0.000000	0.211592	1.000000	0.778655	0.850000	0.048263	1802.702307	
IND_COGEN_WOOD	0.001026	0.000038	25.000000	0.000000	0.000001	Infinity	0.000000	0.000000	1.000000	0.002635	0.850000	0.048263	0.000169	
IND_COGEN_WASTE	0.001132	0.000042	25.000000	0.000000	0.000000	Infinity	0.000000	0.000000	1.000000	0.001430	0.850000	0.048263	0.000276	
IND_BOILER_GAS	0.000789	0.000016	17.000000	0.000000	0.000013	Infinity	0.000000	0.000000	1.000000	0.012425	0.950000	0.067080	0.000165	
IND_BOILER_WOOD	346.884961	6.937659	17.000000	0.000000	3.011677	Infinity	0.000000	0.356548	1.000000	0.766734	0.900000	0.067080	86.947116	
IND_BOILER_OIL	0.000713	0.000015	17.000000	0.000000	0.000013	Infinity	0.000000	0.000000	1.000000	0.002100	0.950000	0.067080	0.000160	
IND_BOILER_COAL	0.000739	0.000015	17.000000	0.000000	0.000006	Infinity	0.000000	0.000000	1.000000	0.001875	0.900000	0.067080	0.000309	
IND_BOILER_WASTE	250.975488	5.019480	17.000000	0.000000	2.178985	Infinity	0.000000	0.257276	1.000000	0.764680	0.900000	0.067080	62.907296	
IND_DIRECT_ELEC	3443.642659	15.621788	15.000000	0.000000	10.361806	Infinity	0.000000	0.174490	1.000000	0.109061	0.950000	0.074944	15.231855	
DHN_HP_ELEC	2787.419376	94.518790	25.000000	0.000000	8.771538	Infinity	0.000000	0.999800	1.000000	0.588425	0.950000	0.048263	1533.177144	
DHN_COGEN_GAS	0.002084	0.000061	25.000000	0.000000	0.000002	Infinity	0.000000	0.000000	1.000000	0.002170	0.850000	0.048263	0.000877	
DHN_COGEN_WOOD	0.000704	0.000026	25.000000	0.000000	0.000001	Infinity	0.000000	0.000000	1.000000	0.000699	0.850000	0.048263	0.000116	
DHN_COGEN_WET_BIOMASS	0.000502	0.000041	25.000000	0.000000	0.000000	Infinity	0.000000	0.000000	1.000000	0.000520	0.750000	0.048263	0.000402	
DHN_COGEN_BIO_HYDROLYSIS	0.001233	0.000060	15.000000	0.000000	0.000000	Infinity	0.000000	0.000000	1.000000	0.001709	0.850000	0.074944	0.000189	
DHN_COGEN_WASTE	0.000851	0.000031	25.000000	0.000000	0.000000	Infinity	0.000000	0.000000	1.000000	0.000570	0.850000	0.048263	0.000208	
DHN_BOILER_GAS	0.000186	0.000004	17.000000	0.000000	0.000003	Infinity	0.000000	0.000000	1.000000	0.000829	0.950000	0.067080	0.000039	
DHN_BOILER_WOOD	0.000299	0.000006	17.000000	0.000000	0.000003	Infinity	0.000000	0.000000	1.000000	0.000978	0.900000	0.067080	0.000075	
DHN_BOILER_OIL	0.000174	0.000004	17.000000	0.000000	0.000003	Infinity	0.000000	0.000000	1.000000	0.000665	0.950000	0.067080	0.000039	
DHN_DEEP_GEO	0.000000	0.000000	30.000000	0.000000	0.000000	0.000000	0.000000	0.000000	1.000000	0.000000	0.850000	0.041639	0.000000	
DHN_SOLAR	0.000233	0.000000	30.000000	0.000000	0.000001	Infinity	0.000000	0.000000	1.000000	0.000264	1.000000	0.041639	0.000149	
DEC_HP_ELEC	10857.589678	452.706764	18.000000	0.000000	23.940180	Infinity	0.000000	0.999877	1.000000	0.349426	1.000000	0.063806	3947.496223	
DEC_THHP_GAS	0.004200	0.000123	20.000000	0.000000	0.000014	Infinity	0.000000	0.000000	1.000000	0.010016	1.000000	0.058246	0.005513	
DEC_COGEN_GAS	0.001756	0.000113	20.000000	0.000000	0.000001	Infinity	0.000000	0.000000	1.000000	0.001425	1.000000	0.058246	0.001373	
DEC_COGEN_OIL	0.001096	0.000067	20.000000	0.000000	0.000001	Infinity	0.000000	0.000000	1.000000	0.000690	1.000000	0.058246	0.000925	
DEC_ADVCOGEN_GAS	0.002048	0.000038	20.000000	0.000000	0.000000	Infinity	0.000000	0.000000	1.000000	0.000700	1.000000	0.058246	0.000795	
DEC_ADVCOGEN_H2	0.002361	0.000044	20.000000	0.000000	0.000000	Infinity	0.000000	0.000000	1.000000	0.001114	1.000000	0.058246	0.000916	
DEC_BOILER_GAS	0.001278	0.000038	17.000000	0.000000	0.000008	Infinity	0.000000	0.000000	1.000000	0.001089	1.000000	0.067080	0.000170	
DEC_BOILER_WOOD	0.001261	0.000044	17.000000	0.000000	0.000003	Infinity	0.000000	0.000000	1.000000	0.001295	1.000000	0.067080	0.000058	
DEC_BOILER_OIL	0.000955	0.000057	17.000000	0.000000	0.000007	Infinity	0.000000	0.000000	1.000000	0.000842	1.000000	0.067080	0.000141	
DEC_SOLAR	0.004579	0.000051	20.000000	0.000000	0.000007	Infinity	0.000000	0.000000	1.000000	0.002695	1.000000	0.058246	0.001471	
DEC_DIRECT_ELEC	0.001565	0.000007	15.000000	0.000000	0.000041	Infinity	0.000000	0.000000	0.050000	0.000954	1.000000	0.074944	0.000061	
TRAMWAY_TROLLEY	829.534255	16.590685	30.000000	0.000000	1.327255	Infinity	0.000000	0.049998	0.050000	0.342466	0.342466	0.041639	0.000000	
BUS_COACH_DIESEL	0.000794	0.000038	15.000000	0.000000	0.000001	Infinity	0.000000	0.000000	1.000000	0.003726	0.296804	0.074944	0.000000	
BUS_COACH_HYDIESEL	0.002427	0.000094	15.000000	0.000000	0.000003	Infinity	0.000000	0.000000	1.000000	0.008365	0.296804	0.074944	0.000000	
BUS_COACH_CNG_STOICH	8655.189093	421.148021	15.000000	0.000000	13.783026	Infinity	0.000000	0.449985	1.000000	0.296804	0.296804	0.074944	0.000000	
BUS_COACH_FC_HYBRIDH2	0.000466	0.000014	15.000000	0.000000	0.000000	Infinity	0.000000	0.000000	1.000000	0.001317	0.296804	0.074944	0.000000	
TRAIN_PUB	24885.959879	898.142348	40.000000	0.000000	16.524322	Infinity	0.000000	0.499984	0.500000	0.275073	0.275073	0.033427	0.000000	
CAR_GASOLINE	0.001872	0.000103	10.000000	0.000000	0.000004	Infinity	0.000000	0.000000	1.000000	0.002215	0.051370	0.108434	0.000000	
CAR_DIESEL	0.000077	0.000004	10.000000	0.000000	0.000000	Infinity	0.000000	0.000000	1.000000	0.000089	0.051370	0.108434	0.000000	
CAR_NG	0.000065	0.000004	10.000000	0.000000	0.000000	Infinity	0.000000	0.000000	1.000000	0.000077	0.051370	0.108434	0.000000	
CAR_METHANOL	0.000082	0.000005	10.000000	0.000000	0.000000	Infinity	0.000000	0.000000	1.000000	0.000098	0.051370	0.108434	0.000000	
CAR_HEV	0.000145	0.000011	10.000000	0.000000	0.000000	Infinity	0.000000	0.000000	1.000000	0.000171	0.051370	0.108434	0.000000	
CAR_PHEV	0.002726	0.000201	10.000000	0.000000	0.000006	Infinity	0.000000	0.000000	1.000000	0.001278	0.051370	0.108434	0.000000	
CAR_BEV	73383.029940	1769.672992	10.000000	0.000000	176.967299	Infinity	0.000000	0.999923	1.000000	0.051370	0.051370	0.108434	0.000000	
CAR_FUEL_CELL	0.000153	0.000003	10.000000	0.000000	0.000000	Infinity	0.000000	0.000000	1.000000	0.000138	0.051370	0.108434	0.000000	
TRAIN_FREIGHT	807.220512	16.143728	40.000000	0.000000	7.730516	Infinity	0.000000	1.000000	1.000000	0.342466	0.342466	0.033427	0.000000	
BOAT_FREIGHT_DIESEL	917.262172	44.347239	40.000000	0.000000	11.610914	Infinity	0.000000	0.417199	1.000000	0.114155	0.114155	0.033427	0.000000	
BOAT_FREIGHT_NG	1273.177284	61.946878	40.000000	0.000000	16.218819	Infinity	0.000000	0.582769	1.000000	0.114155	0.114155	0.033427	0.000000	
BOAT_FREIGHT_METHANOL	0.009989	0.000483	40.000000	0.000000	0.000126	Infinity	0.000000	0.000005	1.000000	0.114129	0.114155	0.033427	0.000000	
TRUCK_DIESEL	0.000015	0.000001	15.000000	0.000000	0.000000	Infinity	0.000000	0.000000	1.000000	0.000034	0.092593	0.074944	0.000000	
TRUCK_FUEL_CELL	20835.053699	621.025240	15.000000	0.000000	51.466180	Infinity	0.000000	0.999916	1.000000	0.092593	0.092593	0.074944	0.000000	
TRUCK_NG	0.000014	0.000001	15.000000	0.000000	0.000000	Infinity	0.000000	0.000000	1.000000	0.000035	0.092593	0.074944	0.000000	
TRUCK_METHANOL	0.000018	0.000001	15.000000	0.000000	0.000000	Infinity	0.000000	0.000000	1.000000	0.000039	0.092593	0.074944	0.000000	
TRUCK_ELEC	0.000018	0.000001	15.000000	0.000000	0.000000	Infinity	0.000000	0.000000	1.000000	0.000034	0.092593	0.074944	0.000000	
HABER_BOSCH	0.000875	0.000017	20.000000	0.000000	0.000001	Infinity	0.000000	0.001132	1.000000	0.001132	1.000000	0.058246	0.000000	
OIL_TO_HVC	0.000000	0.000000	15.000000	0.000000	0.000000	Infinity	0.000000	0.000000	1.000000	0.000000	1.000000	0.074944	0.000000	
GAS_TO_HVC	0.000000	0.000000	25.000000	0.000000	0.000000	Infinity	0.000000	0.000000	1.000000	0.000000	1.000000	0.048263	0.000000	
BIOMASS_TO_HVC	0.000000	0.000000	20.000000	0.000000	0.000000	Infinity	0.000000	0.000000	1.000000	0.000000	1.000000	0.058246	0.000000	
METHANOL_TO_HVC	0.000000	0.000000	20.000000	0.000000	0.000000	Infinity	0.000000	0.000000	1.000000	0.000000	1.000000	0.058246	0.000000	
SYN_METHANOLATION	0.000844	0.000024	20.000000	0.000000	0.000001	Infinity	0.000000	0.000608	1.000000	0.001824	0.950000	0.058246	0.000000	
METHANE_TO_METHANOL	0.000689	0.000030	25.000000	0.000000	0.000001	Infinity	0.000000	0.000300	1.000000	0.000901	0.850000	0.048263	0.000000	
BIOMASS_TO_METHANOL	0.001094	0.000017	20.000000	0.000000	0.000001	Infinity	0.000000	0.000535	1.000000	0.001605	1.000000	0.058246	0.000000	
PHS	382.199998	0.000000	50.000000	5.000000	6.500000	6.500000	0.000000	-1.000000	1.000000	0.019971	1.000000	0.028572	
BATT_LI	322.775521	0.499009	15.000000	0.000000	2.060357	Infinity	0.000000	-1.000000	1.000000	0.023087	1.000000	0.074944	
BEV_BATT	0.000000	0.000000	1.000000	0.000000	175.562797	Infinity	0.000000	-1.000000	1.000000	0.003883	1.000000	1.015000	
PHEV_BATT	0.000000	0.000000	1.000000	0.000000	0.000001	Infinity	0.000000	-1.000000	1.000000	0.000049	1.000000	1.015000	
TS_DEC_HP_ELEC	1201.172148	8.409009	20.000000	0.000000	63.319565	Infinity	0.000000	-1.000000	1.000000	0.028179	1.000000	0.058246	
TS_DEC_DIRECT_ELEC	0.003983	0.000028	20.000000	0.000000	0.000210	Infinity	0.000000	-1.000000	1.000000	0.000553	1.000000	0.058246	
TS_DHN_DAILY	0.009327	0.000027	40.000000	0.000000	0.003109	Infinity	0.000000	-1.000000	1.000000	0.000327	1.000000	0.033427	
TS_DHN_SEASONAL	1011.710718	5.512526	25.000000	0.000000	1945.597534	Infinity	0.000000	-1.000000	1.000000	0.000812	1.000000	0.048263	
TS_DEC_THHP_GAS	0.031672	0.000222	20.000000	0.000000	0.001670	Infinity	0.000000	-1.000000	1.000000	0.000111	1.000000	0.058246	
TS_DEC_COGEN_GAS	0.003972	0.000028	20.000000	0.000000	0.000209	Infinity	0.000000	-1.000000	1.000000	0.000487	1.000000	0.058246	
TS_DEC_COGEN_OIL	0.003968	0.000028	20.000000	0.000000	0.000209	Infinity	0.000000	-1.000000	1.000000	0.000444	1.000000	0.058246	
TS_DEC_ADVCOGEN_GAS	0.003968	0.000028	20.000000	0.000000	0.000209	Infinity	0.000000	-1.000000	1.000000	0.000443	1.000000	0.058246	
TS_DEC_ADVCOGEN_H2	0.003974	0.000028	20.000000	0.000000	0.000209	Infinity	0.000000	-1.000000	1.000000	0.000484	1.000000	0.058246	
TS_DEC_BOILER_GAS	0.017251	0.000121	20.000000	0.000000	0.000909	Infinity	0.000000	-1.000000	1.000000	0.000119	1.000000	0.058246	
TS_DEC_BOILER_WOOD	0.028628	0.000200	20.000000	0.000000	0.001509	Infinity	0.000000	-1.000000	1.000000	0.000074	1.000000	0.058246	
TS_DEC_BOILER_OIL	0.003973	0.000028	20.000000	0.000000	0.000209	Infinity	0.000000	-1.000000	1.000000	0.000477	1.000000	0.058246	
TS_HIGH_TEMP	939.724802	10.057704	25.000000	0.000000	33.525680	Infinity	0.000000	-1.000000	1.000000	0.016787	1.000000	0.048263	
GAS_STORAGE	156.159823	4.088776	50.000000	0.000000	3123.196468	Infinity	0.000000	-1.000000	1.000000	0.000117	1.000000	0.028572	
H2_STORAGE	0.030229	0.001905	20.000000	0.000000	0.004883	Infinity	0.000000	-1.000000	1.000000	0.000033	1.000000	0.058246	
CO2_STORAGE	0.081687	0.000817	30.000000	0.000000	0.001650	Infinity	0.000000	-1.000000	1.000000	0.000011	1.000000	0.041639	
GASOLINE_STORAGE	0.033082	0.001313	20.000000	0.000000	3.308223	Infinity	0.000000	-1.000000	1.000000	0.000000	1.000000	0.058246	
DIESEL_STORAGE	0.033085	0.001313	20.000000	0.000000	3.308468	Infinity	0.000000	-1.000000	1.000000	0.000017	1.000000	0.058246	
METHANOL_STORAGE	0.033082	0.001313	20.000000	0.000000	3.308223	Infinity	0.000000	-1.000000	1.000000	0.000000	1.000000	0.058246	
AMMONIA_STORAGE	0.033242	0.001320	20.000000	0.000000	3.324214	Infinity	0.000000	-1.000000	1.000000	0.000548	1.000000	0.058246	
LFO_STORAGE	0.033082	0.001313	20.000000	0.000000	3.308223	Infinity	0.000000	-1.000000	1.000000	0.000000	1.000000	0.058246	
EFFICIENCY	5600.000000	0.000000	1.000000	0.000000	1.000000	Infinity	0.000000	-1.000000	1.000000	0.000000	1.000000	1.015000	
DHN	7244.249714	0.000000	60.000000	0.000000	8.771552	Infinity	0.000000	-1.000000	1.000000	0.000000	1.000000	0.025393	
GRID	102583.457767	0.000000	80.000000	0.000000	1.369257	Infinity	0.000000	-1.000000	1.000000	0.000000	1.000000	0.021548	
H2_ELECTROLYSIS	0.001146	0.000032	15.000000	0.000000	0.000002	Infinity	0.000000	-1.000000	1.000000	0.001677	0.900000	0.074944	
SMR	0.000501	0.000046	25.000000	0.000000	0.000001	Infinity	0.000000	-1.000000	1.000000	0.001105	0.860000	0.048263	
H2_BIOMASS	0.000595	0.000042	25.000000	0.000000	0.000000	Infinity	0.000000	-1.000000	1.000000	0.000507	0.860000	0.048263	
GASIFICATION_SNG	0.000903	0.000064	25.000000	0.000000	0.000000	Infinity	0.000000	-1.000000	1.000000	0.001642	0.850000	0.048263	
SYN_METHANATION	0.000315	0.000081	40.000000	0.000000	0.000002	Infinity	0.000000	-1.000000	1.000000	0.007223	1.000000	0.033427	
BIOMETHANATION	0.001049	0.000015	20.000000	0.000000	0.000001	Infinity	0.000000	-1.000000	1.000000	0.001744	0.850000	0.058246	
BIO_HYDROLYSIS	3254.498186	221.894599	15.000000	0.000000	2.209870	Infinity	0.000000	-1.000000	1.000000	0.850000	0.850000	0.074944	
PYROLYSIS_TO_LFO	0.000962	0.000044	25.000000	0.000000	0.000001	Infinity	0.000000	-1.000000	1.000000	0.003292	0.850000	0.048263	
PYROLYSIS_TO_FUELS	0.000829	0.000023	25.000000	0.000000	0.000001	Infinity	0.000000	-1.000000	1.000000	0.000323	0.850000	0.048263	
ATM_CCS	0.001333	0.000033	40.000000	0.000000	0.000000	Infinity	0.000000	-1.000000	1.000000	0.000349	1.000000	0.033427	
INDUSTRY_CCS	0.001593	0.000040	40.000000	0.000000	0.000001	Infinity	0.000000	-1.000000	1.000000	0.001715	1.000000	0.033427	
AMMONIA_TO_H2	0.000580	0.000054	25.000000	0.000000	0.000001	Infinity	0.000000	-1.000000	1.000000	0.002414	0.860000	0.048263	