TECHNOLOGIES	 c_inv	 c_maint	 lifetime	  f_min	 f	 f_max	 fmin_perc	f_perc	 fmax_perc	 c_p	 c_p_max	 tau	 gwp_constr
 UNITS	[MCHCapitalf/GW]	 [MCHCapitalf/GW]	 [y]	 [GW or GWh]	 [GW or GWh]	 [GW or GWh]	 [0-1]	 [0-1]	 [0-1]	 [0-1]	 [0-1]	 [-]	 [ktCO2-eq./GW or GWh] 
NUCLEAR	0.000000	0.000000	60.000000	0.000000	0.000000	0.000000	0.000000	0.000000	1.000000	0.000000	0.849000	0.025393	0.000000	
CCGT	1173.453568	29.719853	25.000000	0.000000	1.548276	Infinity	0.000000	0.076899	1.000000	0.684399	0.961538	0.048263	284.557575	
CCGT_AMMONIA	974.277552	24.675357	25.000000	0.000000	1.285479	Infinity	0.000000	0.057558	1.000000	0.616990	0.625000	0.048263	236.258225	
COAL_US	0.000000	0.000000	35.000000	0.000000	0.000000	0.000000	0.000000	0.000000	1.000000	0.000000	0.868000	0.036934	0.000000	
COAL_IGCC	0.000000	0.000000	35.000000	0.000000	0.000000	0.000000	0.000000	0.000000	1.000000	0.000000	0.856000	0.036934	0.000000	
PV	42367.520399	483.838456	25.000000	0.000000	59.174994	59.200000	0.000000	0.507498	1.000000	0.118177	1.000000	0.048263	123168.607602	
WIND_ONSHORE	9992.200000	116.216471	30.000000	0.000000	10.000000	10.000000	0.000000	0.175637	1.000000	0.242020	1.000000	0.041639	6228.500000	
WIND_OFFSHORE	28562.039999	198.720388	30.000000	0.000000	6.000000	6.000000	0.000000	0.178448	1.000000	0.409824	1.000000	0.041639	3737.100000	
HYDRO_RIVER	580.165799	5.801152	40.000000	0.000000	0.115000	0.115000	0.000000	0.003923	1.000000	0.470013	1.000000	0.033427	145.224300	
GEOTHERMAL	0.000000	0.000000	30.000000	0.000000	0.000000	0.000000	0.000000	0.000000	1.000000	0.000000	0.950000	0.041639	0.000000	
IND_COGEN_GAS	2832.427766	182.065851	25.000000	0.000000	2.109753	Infinity	0.000000	0.248416	1.000000	0.779858	0.850000	0.048263	2161.062172	
IND_COGEN_WOOD	0.000791	0.000029	25.000000	0.000000	0.000001	Infinity	0.000000	0.000000	1.000000	0.003617	0.850000	0.048263	0.000127	
IND_COGEN_WASTE	0.000685	0.000025	25.000000	0.000000	0.000000	Infinity	0.000000	0.000000	1.000000	0.001182	0.850000	0.048263	0.000162	
IND_BOILER_GAS	0.000752	0.000015	17.000000	0.000000	0.000013	Infinity	0.000000	0.000000	1.000000	0.006963	0.950000	0.067080	0.000157	
IND_BOILER_WOOD	339.421707	6.788394	17.000000	0.000000	2.946881	Infinity	0.000000	0.325208	1.000000	0.730915	0.900000	0.067080	85.076443	
IND_BOILER_OIL	0.000330	0.000007	17.000000	0.000000	0.000006	Infinity	0.000000	0.000000	1.000000	0.000868	0.950000	0.067080	0.000074	
IND_BOILER_COAL	0.001365	0.000027	17.000000	0.000000	0.000012	Infinity	0.000000	0.000000	1.000000	0.000929	0.900000	0.067080	0.000571	
IND_BOILER_WASTE	265.961382	5.319196	17.000000	0.000000	2.309093	Infinity	0.000000	0.251574	1.000000	0.721593	0.900000	0.067080	66.663528	
IND_DIRECT_ELEC	3478.754848	15.781072	15.000000	0.000000	10.467458	Infinity	0.000000	0.174708	1.000000	0.110545	0.950000	0.074944	15.387163	
DHN_HP_ELEC	2458.958765	83.381960	25.000000	0.000000	7.525044	Infinity	0.000000	0.958472	1.000000	0.566234	0.950000	0.048263	1315.302514	
DHN_COGEN_GAS	437.580628	12.793942	25.000000	0.000000	0.365827	Infinity	0.000000	0.041306	1.000000	0.501949	0.850000	0.048263	179.577289	
DHN_COGEN_WOOD	0.000547	0.000020	25.000000	0.000000	0.000001	Infinity	0.000000	0.000000	1.000000	0.001640	0.850000	0.048263	0.000088	
DHN_COGEN_WET_BIOMASS	0.000377	0.000031	25.000000	0.000000	0.000000	Infinity	0.000000	0.000000	1.000000	0.000928	0.750000	0.048263	0.000295	
DHN_COGEN_BIO_HYDROLYSIS	0.001101	0.000054	15.000000	0.000000	0.000000	Infinity	0.000000	0.000000	1.000000	0.001835	0.850000	0.074944	0.000165	
DHN_COGEN_WASTE	0.000568	0.000021	25.000000	0.000000	0.000000	Infinity	0.000000	0.000000	1.000000	0.000783	0.850000	0.048263	0.000134	
DHN_BOILER_GAS	0.000102	0.000002	17.000000	0.000000	0.000002	Infinity	0.000000	0.000000	1.000000	0.001148	0.950000	0.067080	0.000021	
DHN_BOILER_WOOD	0.000173	0.000003	17.000000	0.000000	0.000002	Infinity	0.000000	0.000000	1.000000	0.001014	0.900000	0.067080	0.000043	
DHN_BOILER_OIL	0.000082	0.000002	17.000000	0.000000	0.000001	Infinity	0.000000	0.000000	1.000000	0.000662	0.950000	0.067080	0.000018	
DHN_DEEP_GEO	0.000000	0.000000	30.000000	0.000000	0.000000	0.000000	0.000000	0.000000	1.000000	0.000000	0.850000	0.041639	0.000000	
DHN_SOLAR	0.000245	0.000000	30.000000	0.000000	0.000001	Infinity	0.000000	0.000000	1.000000	0.000317	1.000000	0.041639	0.000154	
DEC_HP_ELEC	9184.278966	382.934656	18.000000	0.000000	19.693117	Infinity	0.000000	0.739624	1.000000	0.350392	1.000000	0.063806	3247.198059	
DEC_THHP_GAS	1959.174594	57.261418	20.000000	0.000000	6.547825	Infinity	0.000000	0.243926	1.000000	0.347551	1.000000	0.058246	2500.810643	
DEC_COGEN_GAS	0.001819	0.000117	20.000000	0.000000	0.000001	Infinity	0.000000	0.000000	1.000000	0.004782	1.000000	0.058246	0.001388	
DEC_COGEN_OIL	0.000565	0.000035	20.000000	0.000000	0.000000	Infinity	0.000000	0.000000	1.000000	0.000624	1.000000	0.058246	0.000465	
DEC_ADVCOGEN_GAS	0.001458	0.000027	20.000000	0.000000	0.000000	Infinity	0.000000	0.000000	1.000000	0.000798	1.000000	0.058246	0.000517	
DEC_ADVCOGEN_H2	0.001145	0.000021	20.000000	0.000000	0.000000	Infinity	0.000000	0.000000	1.000000	0.000557	1.000000	0.058246	0.000406	
DEC_BOILER_GAS	0.001871	0.000056	17.000000	0.000000	0.000012	Infinity	0.000000	0.000000	1.000000	0.003831	1.000000	0.067080	0.000249	
DEC_BOILER_WOOD	203.163509	7.108917	17.000000	0.000000	0.439329	Infinity	0.000000	0.016361	1.000000	0.347430	1.000000	0.067080	9.265458	
DEC_BOILER_OIL	0.000466	0.000028	17.000000	0.000000	0.000003	Infinity	0.000000	0.000000	1.000000	0.001264	1.000000	0.067080	0.000069	
DEC_SOLAR	0.004636	0.000051	20.000000	0.000000	0.000007	Infinity	0.000000	0.000000	1.000000	0.003212	1.000000	0.058246	0.001467	
DEC_DIRECT_ELEC	0.000701	0.000003	15.000000	0.000000	0.000018	Infinity	0.000000	0.000000	0.050000	0.000589	1.000000	0.074944	0.000027	
TRAMWAY_TROLLEY	730.703752	14.614075	30.000000	0.000000	1.169126	Infinity	0.000000	0.049998	0.050000	0.342466	0.342466	0.041639	0.000000	
BUS_COACH_DIESEL	0.000073	0.000004	15.000000	0.000000	0.000000	Infinity	0.000000	0.000000	1.000000	0.000345	0.296804	0.074944	0.000000	
BUS_COACH_HYDIESEL	0.000105	0.000004	15.000000	0.000000	0.000000	Infinity	0.000000	0.000000	1.000000	0.000367	0.296804	0.074944	0.000000	
BUS_COACH_CNG_STOICH	7547.647935	370.972664	15.000000	0.000000	12.140924	Infinity	0.000000	0.449983	1.000000	0.296804	0.296804	0.074944	0.000000	
BUS_COACH_FC_HYBRIDH2	0.000091	0.000003	15.000000	0.000000	0.000000	Infinity	0.000000	0.000000	1.000000	0.000261	0.296804	0.074944	0.000000	
TRAIN_PUB	21921.052881	791.137895	40.000000	0.000000	14.555619	Infinity	0.000000	0.499981	0.500000	0.275073	0.275073	0.033427	0.000000	
CAR_GASOLINE	0.001843	0.000103	10.000000	0.000000	0.000004	Infinity	0.000000	0.000000	1.000000	0.002209	0.051370	0.108434	0.000000	
CAR_DIESEL	0.000060	0.000003	10.000000	0.000000	0.000000	Infinity	0.000000	0.000000	1.000000	0.000072	0.051370	0.108434	0.000000	
CAR_NG	0.000070	0.000004	10.000000	0.000000	0.000000	Infinity	0.000000	0.000000	1.000000	0.000085	0.051370	0.108434	0.000000	
CAR_METHANOL	0.000040	0.000002	10.000000	0.000000	0.000000	Infinity	0.000000	0.000000	1.000000	0.000051	0.051370	0.108434	0.000000	
CAR_HEV	0.000092	0.000007	10.000000	0.000000	0.000000	Infinity	0.000000	0.000000	1.000000	0.000112	0.051370	0.108434	0.000000	
CAR_PHEV	0.001203	0.000089	10.000000	0.000000	0.000003	Infinity	0.000000	0.000000	1.000000	0.000526	0.051370	0.108434	0.000000	
CAR_BEV	80366.219794	1920.706940	10.000000	0.000000	192.070694	Infinity	0.000000	0.999929	1.000000	0.051370	0.051370	0.108434	0.000000	
CAR_FUEL_CELL	0.000062	0.000001	10.000000	0.000000	0.000000	Infinity	0.000000	0.000000	1.000000	0.000057	0.051370	0.108434	0.000000	
TRAIN_FREIGHT	783.494606	15.669229	40.000000	0.000000	7.503300	Infinity	0.000000	1.000000	1.000000	0.342466	0.342466	0.033427	0.000000	
BOAT_FREIGHT_DIESEL	841.962770	41.223305	40.000000	0.000000	10.793011	Infinity	0.000000	0.399553	1.000000	0.114155	0.114155	0.033427	0.000000	
BOAT_FREIGHT_NG	1260.364413	61.946878	40.000000	0.000000	16.218819	Infinity	0.000000	0.600414	1.000000	0.114155	0.114155	0.033427	0.000000	
BOAT_FREIGHT_METHANOL	0.003980	0.000195	40.000000	0.000000	0.000051	Infinity	0.000000	0.000002	1.000000	0.058230	0.114155	0.033427	0.000000	
TRUCK_DIESEL	2220.883662	108.729928	15.000000	0.000000	5.859697	Infinity	0.000000	0.117295	1.000000	0.092593	0.092593	0.074944	0.000000	
TRUCK_FUEL_CELL	17608.410848	532.064968	15.000000	0.000000	44.093782	Infinity	0.000000	0.882640	1.000000	0.092593	0.092593	0.074944	0.000000	
TRUCK_NG	0.000012	0.000001	15.000000	0.000000	0.000000	Infinity	0.000000	0.000000	1.000000	0.000033	0.092593	0.074944	0.000000	
TRUCK_METHANOL	0.000012	0.000001	15.000000	0.000000	0.000000	Infinity	0.000000	0.000000	1.000000	0.000029	0.092593	0.074944	0.000000	
TRUCK_ELEC	0.000008	0.000000	15.000000	0.000000	0.000000	Infinity	0.000000	0.000000	1.000000	0.000020	0.092593	0.074944	0.000000	
HABER_BOSCH	0.000411	0.000008	20.000000	0.000000	0.000001	Infinity	0.000000	0.000636	1.000000	0.000636	1.000000	0.058246	0.000000	
OIL_TO_HVC	0.000002	0.000000	15.000000	0.000000	0.000000	Infinity	0.000000	0.000000	1.000000	0.000000	1.000000	0.074944	0.000000	
GAS_TO_HVC	0.000000	0.000000	25.000000	0.000000	0.000000	Infinity	0.000000	0.000000	1.000000	0.000000	1.000000	0.048263	0.000000	
BIOMASS_TO_HVC	0.000000	0.000000	20.000000	0.000000	0.000000	Infinity	0.000000	0.000000	1.000000	0.000000	1.000000	0.058246	0.000000	
METHANOL_TO_HVC	0.000000	0.000000	20.000000	0.000000	0.000000	Infinity	0.000000	0.000000	1.000000	0.000000	1.000000	0.058246	0.000000	
SYN_METHANOLATION	0.000415	0.000012	20.000000	0.000000	0.000000	Infinity	0.000000	0.000335	1.000000	0.001004	0.950000	0.058246	0.000000	
METHANE_TO_METHANOL	0.000336	0.000015	25.000000	0.000000	0.000000	Infinity	0.000000	0.000195	1.000000	0.000584	0.850000	0.048263	0.000000	
BIOMASS_TO_METHANOL	0.000783	0.000012	20.000000	0.000000	0.000000	Infinity	0.000000	0.000701	1.000000	0.002104	1.000000	0.058246	0.000000	
PHS	382.200000	0.000000	50.000000	5.000000	6.500000	6.500000	0.000000	-1.000000	1.000000	0.021522	1.000000	0.028572	
BATT_LI	128.750218	0.199055	15.000000	0.000000	0.627744	Infinity	0.000000	-1.000000	1.000000	0.026563	1.000000	0.074944	
BEV_BATT	0.000000	0.000000	1.000000	0.000000	190.546323	Infinity	0.000000	-1.000000	1.000000	0.003670	1.000000	1.015000	
PHEV_BATT	0.000000	0.000000	1.000000	0.000000	0.000001	Infinity	0.000000	-1.000000	1.000000	0.000020	1.000000	1.015000	
TS_DEC_HP_ELEC	989.971758	6.930465	20.000000	0.000000	52.186176	Infinity	0.000000	-1.000000	1.000000	0.038489	1.000000	0.058246	
TS_DEC_DIRECT_ELEC	0.001810	0.000013	20.000000	0.000000	0.000095	Infinity	0.000000	-1.000000	1.000000	0.000704	1.000000	0.058246	
TS_DHN_DAILY	0.004044	0.000012	40.000000	0.000000	0.001348	Infinity	0.000000	-1.000000	1.000000	0.000318	1.000000	0.033427	
TS_DHN_SEASONAL	1140.955881	6.308170	25.000000	0.000000	2194.145925	Infinity	0.000000	-1.000000	1.000000	0.000654	1.000000	0.048263	
TS_DEC_THHP_GAS	75.260322	0.526873	20.000000	0.000000	3.967334	Infinity	0.000000	-1.000000	1.000000	0.035523	1.000000	0.058246	
TS_DEC_COGEN_GAS	0.012874	0.000090	20.000000	0.000000	0.000679	Infinity	0.000000	-1.000000	1.000000	0.000143	1.000000	0.058246	
TS_DEC_COGEN_OIL	0.001799	0.000013	20.000000	0.000000	0.000095	Infinity	0.000000	-1.000000	1.000000	0.000547	1.000000	0.058246	
TS_DEC_ADVCOGEN_GAS	0.001803	0.000013	20.000000	0.000000	0.000095	Infinity	0.000000	-1.000000	1.000000	0.000606	1.000000	0.058246	
TS_DEC_ADVCOGEN_H2	0.001805	0.000013	20.000000	0.000000	0.000095	Infinity	0.000000	-1.000000	1.000000	0.000627	1.000000	0.058246	
TS_DEC_BOILER_GAS	0.017458	0.000122	20.000000	0.000000	0.000920	Infinity	0.000000	-1.000000	1.000000	0.000106	1.000000	0.058246	
TS_DEC_BOILER_WOOD	5.049611	0.035351	20.000000	0.000000	0.266189	Infinity	0.000000	-1.000000	1.000000	0.024020	1.000000	0.058246	
TS_DEC_BOILER_OIL	0.001799	0.000013	20.000000	0.000000	0.000095	Infinity	0.000000	-1.000000	1.000000	0.000593	1.000000	0.058246	
TS_HIGH_TEMP	939.726592	10.057723	25.000000	0.000000	33.525744	Infinity	0.000000	-1.000000	1.000000	0.019202	1.000000	0.048263	
GAS_STORAGE	581.475279	15.224930	50.000000	0.000000	11629.505586	Infinity	0.000000	-1.000000	1.000000	0.000111	1.000000	0.028572	
H2_STORAGE	0.014162	0.000892	20.000000	0.000000	0.002288	Infinity	0.000000	-1.000000	1.000000	0.000031	1.000000	0.058246	
CO2_STORAGE	0.037256	0.000373	30.000000	0.000000	0.000753	Infinity	0.000000	-1.000000	1.000000	0.000009	1.000000	0.041639	
GASOLINE_STORAGE	0.015950	0.000633	20.000000	0.000000	1.594955	Infinity	0.000000	-1.000000	1.000000	0.000000	1.000000	0.058246	
DIESEL_STORAGE	0.015950	0.000633	20.000000	0.000000	1.594999	Infinity	0.000000	-1.000000	1.000000	0.000008	1.000000	0.058246	
METHANOL_STORAGE	0.015950	0.000633	20.000000	0.000000	1.594955	Infinity	0.000000	-1.000000	1.000000	0.000000	1.000000	0.058246	
AMMONIA_STORAGE	0.016037	0.000637	20.000000	0.000000	1.603666	Infinity	0.000000	-1.000000	1.000000	0.000609	1.000000	0.058246	
LFO_STORAGE	0.015950	0.000633	20.000000	0.000000	1.594956	Infinity	0.000000	-1.000000	1.000000	0.000000	1.000000	0.058246	
EFFICIENCY	4799.999999	0.000000	1.000000	0.000000	0.857143	Infinity	0.000000	-1.000000	1.000000	0.000000	1.000000	1.015000	
DHN	6516.919109	0.000000	60.000000	0.000000	7.890879	Infinity	0.000000	-1.000000	1.000000	0.000000	1.000000	0.025393	
GRID	102583.457764	0.000000	80.000000	0.000000	1.369257	Infinity	0.000000	-1.000000	1.000000	0.000000	1.000000	0.021548	
H2_ELECTROLYSIS	0.000680	0.000019	15.000000	0.000000	0.000001	Infinity	0.000000	-1.000000	1.000000	0.001190	0.900000	0.074944	
SMR	0.000254	0.000023	25.000000	0.000000	0.000000	Infinity	0.000000	-1.000000	1.000000	0.000751	0.860000	0.048263	
H2_BIOMASS	0.000310	0.000022	25.000000	0.000000	0.000000	Infinity	0.000000	-1.000000	1.000000	0.000345	0.860000	0.048263	
GASIFICATION_SNG	0.000505	0.000036	25.000000	0.000000	0.000000	Infinity	0.000000	-1.000000	1.000000	0.001101	0.850000	0.048263	
SYN_METHANATION	0.000132	0.000034	40.000000	0.000000	0.000001	Infinity	0.000000	-1.000000	1.000000	0.002119	1.000000	0.033427	
BIOMETHANATION	0.000527	0.000007	20.000000	0.000000	0.000001	Infinity	0.000000	-1.000000	1.000000	0.001321	0.850000	0.058246	
BIO_HYDROLYSIS	3342.318478	227.880967	15.000000	0.000000	2.209870	Infinity	0.000000	-1.000000	1.000000	0.850000	0.850000	0.074944	
PYROLYSIS_TO_LFO	0.000656	0.000030	25.000000	0.000000	0.000001	Infinity	0.000000	-1.000000	1.000000	0.003425	0.850000	0.048263	
PYROLYSIS_TO_FUELS	0.000428	0.000012	25.000000	0.000000	0.000000	Infinity	0.000000	-1.000000	1.000000	0.000356	0.850000	0.048263	
ATM_CCS	0.000621	0.000015	40.000000	0.000000	0.000000	Infinity	0.000000	-1.000000	1.000000	0.000161	1.000000	0.033427	
INDUSTRY_CCS	0.000678	0.000017	40.000000	0.000000	0.000000	Infinity	0.000000	-1.000000	1.000000	0.000566	1.000000	0.033427	
AMMONIA_TO_H2	0.000273	0.000025	25.000000	0.000000	0.000000	Infinity	0.000000	-1.000000	1.000000	0.001000	0.860000	0.048263	