TECHNOLOGIES	 c_inv	 c_maint	 lifetime	  f_min	 f	 f_max	 fmin_perc	f_perc	 fmax_perc	 c_p	 c_p_max	 tau	 gwp_constr
 UNITS	[MCHCapitalf/GW]	 [MCHCapitalf/GW]	 [y]	 [GW or GWh]	 [GW or GWh]	 [GW or GWh]	 [0-1]	 [0-1]	 [0-1]	 [0-1]	 [0-1]	 [-]	 [ktCO2-eq./GW or GWh] 
NUCLEAR	0.000000	0.000000	60.000000	0.000000	0.000000	0.000000	0.000000	0.000000	1.000000	0.000000	0.849000	0.025393	0.000000	
CCGT	2085.500218	52.819059	25.000000	0.000000	2.726322	Infinity	0.000000	0.143943	1.000000	0.672446	0.961538	0.048263	501.070770	
CCGT_AMMONIA	0.000997	0.000025	25.000000	0.000000	0.000001	Infinity	0.000000	0.000000	1.000000	0.001597	0.620000	0.048263	0.000240	
COAL_US	0.000000	0.000000	35.000000	0.000000	0.000000	0.000000	0.000000	0.000000	1.000000	0.000000	0.868000	0.036934	0.000000	
COAL_IGCC	0.000000	0.000000	35.000000	0.000000	0.000000	0.000000	0.000000	0.000000	1.000000	0.000000	0.856000	0.036934	0.000000	
PV	40305.004588	460.288344	25.000000	0.000000	50.827265	59.200000	0.000000	0.470042	1.000000	0.117783	1.000000	0.048263	105793.394159	
WIND_ONSHORE	10196.099999	118.588235	30.000000	0.000000	10.000000	10.000000	0.000000	0.189301	1.000000	0.241100	1.000000	0.041639	6228.500000	
WIND_OFFSHORE	29204.939995	203.193194	30.000000	0.000000	6.000000	6.000000	0.000000	0.192435	1.000000	0.408484	1.000000	0.041639	3737.099999	
HYDRO_RIVER	580.165798	5.801152	40.000000	0.000000	0.115000	0.115000	0.000000	0.004235	1.000000	0.468989	1.000000	0.033427	145.224300	
GEOTHERMAL	0.000000	0.000000	30.000000	0.000000	0.000000	0.000000	0.000000	0.000000	1.000000	0.000000	0.950000	0.041639	0.000000	
IND_COGEN_GAS	2323.092683	149.325704	25.000000	0.000000	1.689166	Infinity	0.000000	0.206704	1.000000	0.825144	0.850000	0.048263	1730.246200	
IND_COGEN_WOOD	0.000619	0.000023	25.000000	0.000000	0.000001	Infinity	0.000000	0.000000	1.000000	0.002607	0.850000	0.048263	0.000097	
IND_COGEN_WASTE	0.000992	0.000037	25.000000	0.000000	0.000000	Infinity	0.000000	0.000000	1.000000	0.001581	0.850000	0.048263	0.000227	
IND_BOILER_GAS	0.000923	0.000018	17.000000	0.000000	0.000016	Infinity	0.000000	0.000000	1.000000	0.019119	0.950000	0.067080	0.000193	
IND_BOILER_WOOD	284.229946	5.684566	17.000000	0.000000	2.467702	Infinity	0.000000	0.319430	1.000000	0.872841	0.900000	0.067080	71.242564	
IND_BOILER_OIL	0.000285	0.000006	17.000000	0.000000	0.000005	Infinity	0.000000	0.000000	1.000000	0.001029	0.950000	0.067080	0.000064	
IND_BOILER_COAL	97.070290	1.941394	17.000000	0.000000	0.842770	Infinity	0.000000	0.112486	1.000000	0.900000	0.900000	0.067080	40.604676	
IND_BOILER_WASTE	219.569726	4.391369	17.000000	0.000000	1.906318	Infinity	0.000000	0.247105	1.000000	0.874055	0.900000	0.067080	55.035405	
IND_DIRECT_ELEC	2337.298812	10.602955	15.000000	0.000000	7.032854	Infinity	0.000000	0.114199	1.000000	0.109492	0.950000	0.074944	10.338296	
DHN_HP_ELEC	2024.648499	68.653440	25.000000	0.000000	6.029867	Infinity	0.000000	0.949422	1.000000	0.574697	0.950000	0.048263	1053.960483	
DHN_COGEN_GAS	430.591936	12.589547	25.000000	0.000000	0.351412	Infinity	0.000000	0.050309	1.000000	0.522540	0.850000	0.048263	172.501036	
DHN_COGEN_WOOD	0.000966	0.000035	25.000000	0.000000	0.000001	Infinity	0.000000	0.000000	1.000000	0.002384	0.850000	0.048263	0.000151	
DHN_COGEN_WET_BIOMASS	0.000566	0.000046	25.000000	0.000000	0.000000	Infinity	0.000000	0.000000	1.000000	0.002016	0.750000	0.048263	0.000432	
DHN_COGEN_BIO_HYDROLYSIS	0.000867	0.000042	15.000000	0.000000	0.000000	Infinity	0.000000	0.000000	1.000000	0.001443	0.850000	0.074944	0.000127	
DHN_COGEN_WASTE	0.000956	0.000035	25.000000	0.000000	0.000000	Infinity	0.000000	0.000000	1.000000	0.001081	0.850000	0.048263	0.000218	
DHN_BOILER_GAS	0.000105	0.000002	17.000000	0.000000	0.000002	Infinity	0.000000	0.000000	1.000000	0.002174	0.950000	0.067080	0.000022	
DHN_BOILER_WOOD	0.000145	0.000003	17.000000	0.000000	0.000001	Infinity	0.000000	0.000000	1.000000	0.001005	0.900000	0.067080	0.000036	
DHN_BOILER_OIL	0.000072	0.000002	17.000000	0.000000	0.000001	Infinity	0.000000	0.000000	1.000000	0.000782	0.950000	0.067080	0.000016	
DHN_DEEP_GEO	0.000000	0.000000	30.000000	0.000000	0.000000	0.000000	0.000000	0.000000	1.000000	0.000000	0.850000	0.041639	0.000000	
DHN_SOLAR	0.000250	0.000000	30.000000	0.000000	0.000001	Infinity	0.000000	0.000000	1.000000	0.000301	1.000000	0.041639	0.000155	
DEC_HP_ELEC	6855.782770	285.852487	18.000000	0.000000	14.306725	Infinity	0.000000	0.494345	1.000000	0.349568	1.000000	0.063806	2359.035937	
DEC_THHP_GAS	2013.562848	58.850110	20.000000	0.000000	6.549237	Infinity	0.000000	0.224943	1.000000	0.347476	1.000000	0.058246	2501.350003	
DEC_COGEN_GAS	0.001835	0.000118	20.000000	0.000000	0.000001	Infinity	0.000000	0.000000	1.000000	0.004863	1.000000	0.058246	0.001367	
DEC_COGEN_OIL	0.000508	0.000031	20.000000	0.000000	0.000000	Infinity	0.000000	0.000000	1.000000	0.000573	1.000000	0.058246	0.000408	
DEC_ADVCOGEN_GAS	0.001111	0.000021	20.000000	0.000000	0.000000	Infinity	0.000000	0.000000	1.000000	0.000579	1.000000	0.058246	0.000363	
DEC_ADVCOGEN_H2	0.000772	0.000014	20.000000	0.000000	0.000000	Infinity	0.000000	0.000000	1.000000	0.000205	1.000000	0.058246	0.000252	
DEC_BOILER_GAS	1259.954500	37.804991	17.000000	0.000000	7.947234	Infinity	0.000000	0.265551	1.000000	0.338045	1.000000	0.067080	167.607168	
DEC_BOILER_WOOD	203.165541	7.108988	17.000000	0.000000	0.439334	Infinity	0.000000	0.015088	1.000000	0.347444	1.000000	0.067080	9.265551	
DEC_BOILER_OIL	0.000421	0.000025	17.000000	0.000000	0.000003	Infinity	0.000000	0.000000	1.000000	0.001651	1.000000	0.067080	0.000062	
DEC_SOLAR	0.004699	0.000052	20.000000	0.000000	0.000007	Infinity	0.000000	0.000000	1.000000	0.003225	1.000000	0.058246	0.001466	
DEC_DIRECT_ELEC	0.000598	0.000003	15.000000	0.000000	0.000015	Infinity	0.000000	0.000000	0.050000	0.000598	1.000000	0.074944	0.000022	
TRAMWAY_TROLLEY	635.680544	12.713611	30.000000	0.000000	1.017089	Infinity	0.000000	0.049998	0.050000	0.342466	0.342466	0.041639	0.000000	
BUS_COACH_DIESEL	0.000051	0.000003	15.000000	0.000000	0.000000	Infinity	0.000000	0.000000	1.000000	0.000243	0.296804	0.074944	0.000000	
BUS_COACH_HYDIESEL	0.000069	0.000003	15.000000	0.000000	0.000000	Infinity	0.000000	0.000000	1.000000	0.000244	0.296804	0.074944	0.000000	
BUS_COACH_CNG_STOICH	9550.838701	474.229228	15.000000	0.000000	15.520229	Infinity	0.000000	0.661215	1.000000	0.296804	0.296804	0.074944	0.000000	
BUS_COACH_FC_HYBRIDH2	0.000058	0.000002	15.000000	0.000000	0.000000	Infinity	0.000000	0.000000	1.000000	0.000167	0.296804	0.074944	0.000000	
TRAIN_PUB	11013.387994	397.476738	40.000000	0.000000	7.312910	Infinity	0.000000	0.288744	0.500000	0.275073	0.275073	0.033427	0.000000	
CAR_GASOLINE	0.001822	0.000103	10.000000	0.000000	0.000004	Infinity	0.000000	0.000000	1.000000	0.002208	0.051370	0.108434	0.000000	
CAR_DIESEL	0.000058	0.000003	10.000000	0.000000	0.000000	Infinity	0.000000	0.000000	1.000000	0.000071	0.051370	0.108434	0.000000	
CAR_NG	0.000069	0.000004	10.000000	0.000000	0.000000	Infinity	0.000000	0.000000	1.000000	0.000085	0.051370	0.108434	0.000000	
CAR_METHANOL	0.000053	0.000003	10.000000	0.000000	0.000000	Infinity	0.000000	0.000000	1.000000	0.000067	0.051370	0.108434	0.000000	
CAR_HEV	0.000090	0.000007	10.000000	0.000000	0.000000	Infinity	0.000000	0.000000	1.000000	0.000110	0.051370	0.108434	0.000000	
CAR_PHEV	0.001112	0.000083	10.000000	0.000000	0.000002	Infinity	0.000000	0.000000	1.000000	0.000472	0.051370	0.108434	0.000000	
CAR_BEV	87324.686106	2068.423092	10.000000	0.000000	206.842309	Infinity	0.000000	0.999934	1.000000	0.051370	0.051370	0.108434	0.000000	
CAR_FUEL_CELL	0.000046	0.000001	10.000000	0.000000	0.000000	Infinity	0.000000	0.000000	1.000000	0.000042	0.051370	0.108434	0.000000	
TRAIN_FREIGHT	758.213709	15.163633	40.000000	0.000000	7.261192	Infinity	0.000000	1.000000	1.000000	0.342466	0.342466	0.033427	0.000000	
BOAT_FREIGHT_DIESEL	832.680769	41.223304	40.000000	0.000000	10.793011	Infinity	0.000000	0.412874	1.000000	0.114155	0.114155	0.033427	0.000000	
BOAT_FREIGHT_NG	1180.511040	58.617997	40.000000	0.000000	15.347257	Infinity	0.000000	0.587092	1.000000	0.114155	0.114155	0.033427	0.000000	
BOAT_FREIGHT_METHANOL	0.001895	0.000094	40.000000	0.000000	0.000025	Infinity	0.000000	0.000001	1.000000	0.028026	0.114155	0.033427	0.000000	
TRUCK_DIESEL	2196.155749	108.729929	15.000000	0.000000	5.859697	Infinity	0.000000	0.121206	1.000000	0.092593	0.092593	0.074944	0.000000	
TRUCK_FUEL_CELL	16968.136713	512.615417	15.000000	0.000000	42.481941	Infinity	0.000000	0.878727	1.000000	0.092593	0.092593	0.074944	0.000000	
TRUCK_NG	0.000036	0.000002	15.000000	0.000000	0.000000	Infinity	0.000000	0.000000	1.000000	0.000091	0.092593	0.074944	0.000000	
TRUCK_METHANOL	0.000026	0.000001	15.000000	0.000000	0.000000	Infinity	0.000000	0.000000	1.000000	0.000064	0.092593	0.074944	0.000000	
TRUCK_ELEC	0.000009	0.000000	15.000000	0.000000	0.000000	Infinity	0.000000	0.000000	1.000000	0.000019	0.092593	0.074944	0.000000	
HABER_BOSCH	0.000355	0.000007	20.000000	0.000000	0.000000	Infinity	0.000000	0.000595	1.000000	0.000595	1.000000	0.058246	0.000000	
OIL_TO_HVC	0.000002	0.000000	15.000000	0.000000	0.000000	Infinity	0.000000	0.000000	1.000000	0.000000	1.000000	0.074944	0.000000	
GAS_TO_HVC	0.000000	0.000000	25.000000	0.000000	0.000000	Infinity	0.000000	0.000000	1.000000	0.000000	1.000000	0.048263	0.000000	
BIOMASS_TO_HVC	0.000000	0.000000	20.000000	0.000000	0.000000	Infinity	0.000000	0.000000	1.000000	0.000000	1.000000	0.058246	0.000000	
METHANOL_TO_HVC	0.000000	0.000000	20.000000	0.000000	0.000000	Infinity	0.000000	0.000000	1.000000	0.000000	1.000000	0.058246	0.000000	
SYN_METHANOLATION	0.000336	0.000010	20.000000	0.000000	0.000000	Infinity	0.000000	0.000204	1.000000	0.000612	0.950000	0.058246	0.000000	
METHANE_TO_METHANOL	0.000304	0.000013	25.000000	0.000000	0.000000	Infinity	0.000000	0.000218	1.000000	0.000653	0.850000	0.048263	0.000000	
BIOMASS_TO_METHANOL	0.000542	0.000008	20.000000	0.000000	0.000000	Infinity	0.000000	0.000358	1.000000	0.001073	1.000000	0.058246	0.000000	
PHS	382.199999	0.000000	50.000000	5.000000	6.500000	6.500000	0.000000	-1.000000	1.000000	0.021272	1.000000	0.028572	
BATT_LI	0.001875	0.000003	15.000000	0.000000	0.000007	Infinity	0.000000	-1.000000	1.000000	0.001748	1.000000	0.074944	
BEV_BATT	0.000000	0.000000	1.000000	0.000000	205.200704	Infinity	0.000000	-1.000000	1.000000	0.003381	1.000000	1.015000	
PHEV_BATT	0.000000	0.000000	1.000000	0.000000	0.000000	Infinity	0.000000	-1.000000	1.000000	0.000019	1.000000	1.015000	
TS_DEC_HP_ELEC	616.140616	4.313397	20.000000	0.000000	32.479737	Infinity	0.000000	-1.000000	1.000000	0.037658	1.000000	0.058246	
TS_DEC_DIRECT_ELEC	0.001600	0.000011	20.000000	0.000000	0.000084	Infinity	0.000000	-1.000000	1.000000	0.000724	1.000000	0.058246	
TS_DHN_DAILY	0.003426	0.000010	40.000000	0.000000	0.001142	Infinity	0.000000	-1.000000	1.000000	0.000327	1.000000	0.033427	
TS_DHN_SEASONAL	1050.000024	5.778303	25.000000	0.000000	1981.132120	Infinity	0.000000	-1.000000	1.000000	0.000588	1.000000	0.048263	
TS_DEC_THHP_GAS	75.284570	0.527042	20.000000	0.000000	3.968612	Infinity	0.000000	-1.000000	1.000000	0.025576	1.000000	0.058246	
TS_DEC_COGEN_GAS	0.013965	0.000098	20.000000	0.000000	0.000736	Infinity	0.000000	-1.000000	1.000000	0.000146	1.000000	0.058246	
TS_DEC_COGEN_OIL	0.001592	0.000011	20.000000	0.000000	0.000084	Infinity	0.000000	-1.000000	1.000000	0.000600	1.000000	0.058246	
TS_DEC_ADVCOGEN_GAS	0.001596	0.000011	20.000000	0.000000	0.000084	Infinity	0.000000	-1.000000	1.000000	0.000672	1.000000	0.058246	
TS_DEC_ADVCOGEN_H2	0.001582	0.000011	20.000000	0.000000	0.000083	Infinity	0.000000	-1.000000	1.000000	0.000441	1.000000	0.058246	
TS_DEC_BOILER_GAS	41.875487	0.293156	20.000000	0.000000	2.207458	Infinity	0.000000	-1.000000	1.000000	0.026248	1.000000	0.058246	
TS_DEC_BOILER_WOOD	5.493811	0.038460	20.000000	0.000000	0.289605	Infinity	0.000000	-1.000000	1.000000	0.022057	1.000000	0.058246	
TS_DEC_BOILER_OIL	0.013579	0.000095	20.000000	0.000000	0.000716	Infinity	0.000000	-1.000000	1.000000	0.000098	1.000000	0.058246	
TS_HIGH_TEMP	73.188028	0.783318	25.000000	0.000000	2.611061	Infinity	0.000000	-1.000000	1.000000	0.034227	1.000000	0.048263	
GAS_STORAGE	806.586402	21.119078	50.000000	0.000000	16131.728047	Infinity	0.000000	-1.000000	1.000000	0.000129	1.000000	0.028572	
H2_STORAGE	0.012726	0.000802	20.000000	0.000000	0.002056	Infinity	0.000000	-1.000000	1.000000	0.000039	1.000000	0.058246	
CO2_STORAGE	0.032799	0.000328	30.000000	0.000000	0.000663	Infinity	0.000000	-1.000000	1.000000	0.000003	1.000000	0.041639	
GASOLINE_STORAGE	0.014322	0.000569	20.000000	0.000000	1.432198	Infinity	0.000000	-1.000000	1.000000	0.000000	1.000000	0.058246	
DIESEL_STORAGE	0.014322	0.000569	20.000000	0.000000	1.432236	Infinity	0.000000	-1.000000	1.000000	0.000008	1.000000	0.058246	
METHANOL_STORAGE	0.014322	0.000569	20.000000	0.000000	1.432198	Infinity	0.000000	-1.000000	1.000000	0.000000	1.000000	0.058246	
AMMONIA_STORAGE	0.014324	0.000569	20.000000	0.000000	1.432356	Infinity	0.000000	-1.000000	1.000000	0.000000	1.000000	0.058246	
LFO_STORAGE	0.014322	0.000569	20.000000	0.000000	1.432199	Infinity	0.000000	-1.000000	1.000000	0.000000	1.000000	0.058246	
EFFICIENCY	3999.999998	0.000000	1.000000	0.000000	0.714286	Infinity	0.000000	-1.000000	1.000000	0.000000	1.000000	1.015000	
DHN	5270.176750	0.000000	60.000000	0.000000	6.381286	Infinity	0.000000	-1.000000	1.000000	0.000000	1.000000	0.025393	
GRID	99511.493514	0.000000	80.000000	0.000000	1.328253	Infinity	0.000000	-1.000000	1.000000	0.000000	1.000000	0.021548	
H2_ELECTROLYSIS	0.000669	0.000018	15.000000	0.000000	0.000001	Infinity	0.000000	-1.000000	1.000000	0.002102	0.900000	0.074944	
SMR	0.000557	0.000051	25.000000	0.000000	0.000001	Infinity	0.000000	-1.000000	1.000000	0.005213	0.860000	0.048263	
H2_BIOMASS	0.000317	0.000022	25.000000	0.000000	0.000000	Infinity	0.000000	-1.000000	1.000000	0.000499	0.860000	0.048263	
GASIFICATION_SNG	0.000408	0.000029	25.000000	0.000000	0.000000	Infinity	0.000000	-1.000000	1.000000	0.000784	0.850000	0.048263	
SYN_METHANATION	0.000105	0.000027	40.000000	0.000000	0.000000	Infinity	0.000000	-1.000000	1.000000	0.000959	1.000000	0.033427	
BIOMETHANATION	0.003473	0.000048	20.000000	0.000000	0.000004	Infinity	0.000000	-1.000000	1.000000	0.024374	0.850000	0.058246	
BIO_HYDROLYSIS	3430.110093	233.866887	15.000000	0.000000	2.209866	Infinity	0.000000	-1.000000	1.000000	0.850000	0.850000	0.074944	
PYROLYSIS_TO_LFO	0.000568	0.000026	25.000000	0.000000	0.000000	Infinity	0.000000	-1.000000	1.000000	0.002659	0.850000	0.048263	
PYROLYSIS_TO_FUELS	0.000465	0.000013	25.000000	0.000000	0.000000	Infinity	0.000000	-1.000000	1.000000	0.000466	0.850000	0.048263	
ATM_CCS	0.000535	0.000013	40.000000	0.000000	0.000000	Infinity	0.000000	-1.000000	1.000000	0.000121	1.000000	0.033427	
INDUSTRY_CCS	0.000538	0.000013	40.000000	0.000000	0.000000	Infinity	0.000000	-1.000000	1.000000	0.000246	1.000000	0.033427	
AMMONIA_TO_H2	0.000249	0.000023	25.000000	0.000000	0.000000	Infinity	0.000000	-1.000000	1.000000	0.000982	0.860000	0.048263	