TECHNOLOGIES	 c_inv	 c_maint	 lifetime	  f_min	 f	 f_max	 fmin_perc	f_perc	 fmax_perc	 c_p	 c_p_max	 tau	 gwp_constr
 UNITS	[MCHCapitalf/GW]	 [MCHCapitalf/GW]	 [y]	 [GW or GWh]	 [GW or GWh]	 [GW or GWh]	 [0-1]	 [0-1]	 [0-1]	 [0-1]	 [0-1]	 [-]	 [ktCO2-eq./GW or GWh] 
NUCLEAR	9691.459999	205.861972	60.000000	0.000000	2.000000	2.000000	0.000000	0.211150	1.000000	0.846453	0.846453	0.025393	1415.760000	
CCGT	2387.471362	60.466538	25.000000	0.000000	2.975042	Infinity	0.000000	0.272636	1.000000	0.734737	0.958654	0.048263	546.783005	
CCGT_AMMONIA	0.000308	0.000008	25.000000	0.000000	0.000000	Infinity	0.000000	0.000000	1.000000	0.000516	0.600000	0.048263	0.000071	
COAL_US	0.000000	0.000000	35.000000	0.000000	0.000000	0.000000	0.000000	0.000000	1.000000	0.000000	0.865396	0.036934	0.000000	
COAL_IGCC	0.000000	0.000000	35.000000	0.000000	0.000000	0.000000	0.000000	0.000000	1.000000	0.000000	0.853432	0.036934	0.000000	
PV	6395.187008	73.033825	25.000000	0.000000	5.900000	59.200000	0.000000	0.087355	1.000000	0.118708	1.000000	0.048263	12280.437015	
WIND_ONSHORE	11011.799998	128.075294	30.000000	0.000000	10.000000	10.000000	0.000000	0.303403	1.000000	0.243255	1.000000	0.041639	6228.499999	
WIND_OFFSHORE	12031.039706	83.705905	30.000000	0.000000	2.305000	6.000000	0.000000	0.118456	1.000000	0.412028	1.000000	0.041639	1435.669251	
HYDRO_RIVER	580.165788	5.801152	40.000000	0.000000	0.115000	0.115000	0.000000	0.006942	1.000000	0.484000	1.000000	0.033427	145.224297	
GEOTHERMAL	0.000000	0.000000	30.000000	0.000000	0.000000	0.000000	0.000000	0.000000	1.000000	0.000000	0.950000	0.041639	0.000000	
IND_COGEN_GAS	1619.549811	104.102784	25.000000	0.000000	1.091017	Infinity	0.000000	0.121873	1.000000	0.847450	0.847450	0.048263	1117.550903	
IND_COGEN_WOOD	0.000394	0.000014	25.000000	0.000000	0.000000	Infinity	0.000000	0.000000	1.000000	0.001591	0.847450	0.048263	0.000057	
IND_COGEN_WASTE	0.001117	0.000041	25.000000	0.000000	0.000000	Infinity	0.000000	0.000000	1.000000	0.001579	0.847450	0.048263	0.000233	
IND_BOILER_GAS	292.899053	5.868264	17.000000	0.000000	4.521443	Infinity	0.000000	0.140561	1.000000	0.235844	0.947150	0.067080	55.704173	
IND_BOILER_WOOD	119.040412	2.380757	17.000000	0.000000	0.939545	Infinity	0.000000	0.109292	1.000000	0.882485	0.897300	0.067080	27.124678	
IND_BOILER_OIL	0.001039	0.000022	17.000000	0.000000	0.000017	Infinity	0.000000	0.000000	1.000000	0.001107	0.947150	0.067080	0.000212	
IND_BOILER_COAL	438.795761	8.775725	17.000000	0.000000	3.463266	Infinity	0.000000	0.409623	1.000000	0.897296	0.897300	0.067080	166.860140	
IND_BOILER_WASTE	234.567765	4.691254	17.000000	0.000000	1.851364	Infinity	0.000000	0.218597	1.000000	0.895754	0.897300	0.067080	53.448866	
IND_DIRECT_ELEC	0.000251	0.000001	15.000000	0.000000	0.000001	Infinity	0.000000	0.000000	1.000000	0.000738	0.947150	0.074944	0.000001	
DHN_HP_ELEC	647.679444	21.962239	25.000000	0.000000	1.728344	Infinity	0.000000	0.813860	1.000000	0.584047	0.947150	0.048263	302.097161	
DHN_COGEN_GAS	372.662529	10.895883	25.000000	0.000000	0.281774	Infinity	0.000000	0.148050	1.000000	0.651682	0.847450	0.048263	138.317038	
DHN_COGEN_WOOD	4.613109	0.168897	25.000000	0.000000	0.004049	Infinity	0.000000	0.002766	1.000000	0.847429	0.847450	0.048263	0.669351	
DHN_COGEN_WET_BIOMASS	0.000567	0.000046	25.000000	0.000000	0.000000	Infinity	0.000000	0.000000	1.000000	0.002023	0.747750	0.048263	0.000401	
DHN_COGEN_BIO_HYDROLYSIS	0.000776	0.000038	15.000000	0.000000	0.000000	Infinity	0.000000	0.000000	1.000000	0.001311	0.847450	0.074944	0.000105	
DHN_COGEN_WASTE	0.001549	0.000057	25.000000	0.000000	0.000000	Infinity	0.000000	0.000000	1.000000	0.002966	0.847450	0.048263	0.000324	
DHN_BOILER_GAS	10.924741	0.218878	17.000000	0.000000	0.168644	Infinity	0.000000	0.034645	1.000000	0.254797	0.947150	0.067080	2.077691	
DHN_BOILER_WOOD	0.000109	0.000002	17.000000	0.000000	0.000001	Infinity	0.000000	0.000000	1.000000	0.000929	0.897300	0.067080	0.000025	
DHN_BOILER_OIL	0.000100	0.000002	17.000000	0.000000	0.000002	Infinity	0.000000	0.000000	1.000000	0.002551	0.947150	0.067080	0.000020	
DHN_DEEP_GEO	0.000000	0.000000	30.000000	0.000000	0.000000	0.000000	0.000000	0.000000	1.000000	0.000000	0.847450	0.041639	0.000000	
DHN_SOLAR	0.000189	0.000000	30.000000	0.000000	0.000001	Infinity	0.000000	0.000000	1.000000	0.000208	1.000000	0.041639	0.000112	
DEC_HP_ELEC	270.646252	11.284439	18.000000	0.000000	0.506042	Infinity	0.000000	0.012745	1.000000	0.347831	1.000000	0.063806	83.441207	
DEC_THHP_GAS	2245.119953	65.617061	20.000000	0.000000	6.542869	Infinity	0.000000	0.164781	1.000000	0.347814	1.000000	0.058246	2498.917828	
DEC_COGEN_GAS	429.311939	27.595674	20.000000	0.000000	0.289208	Infinity	0.000000	0.007294	1.000000	0.348309	1.000000	0.058246	296.241549	
DEC_COGEN_OIL	0.000388	0.000024	20.000000	0.000000	0.000000	Infinity	0.000000	0.000000	1.000000	0.000328	1.000000	0.058246	0.000289	
DEC_ADVCOGEN_GAS	0.000804	0.000015	20.000000	0.000000	0.000000	Infinity	0.000000	0.000000	1.000000	0.000316	1.000000	0.058246	0.000208	
DEC_ADVCOGEN_H2	0.000651	0.000012	20.000000	0.000000	0.000000	Infinity	0.000000	0.000000	1.000000	0.000153	1.000000	0.058246	0.000168	
DEC_BOILER_GAS	2945.744157	88.389211	17.000000	0.000000	16.891703	Infinity	0.000000	0.412634	1.000000	0.337364	1.000000	0.067080	356.246025	
DEC_BOILER_WOOD	2155.729200	75.431958	17.000000	0.000000	4.237889	Infinity	0.000000	0.104200	1.000000	0.339568	1.000000	0.067080	89.377072	
DEC_BOILER_OIL	2022.066248	121.284443	17.000000	0.000000	12.910652	Infinity	0.000000	0.296221	1.000000	0.316866	1.000000	0.067080	272.285642	
DEC_SOLAR	326.093770	3.618082	20.000000	0.000000	0.438664	Infinity	0.000000	0.002090	1.000000	0.065798	1.000000	0.058246	97.041169	
DEC_DIRECT_ELEC	0.000468	0.000002	15.000000	0.000000	0.000011	Infinity	0.000000	0.000000	0.050000	0.000580	1.000000	0.074944	0.000016	
TRAMWAY_TROLLEY	355.096921	7.101938	30.000000	0.000000	0.568155	Infinity	0.000000	0.049997	0.050000	0.342466	0.342466	0.041639	0.000000	
BUS_COACH_DIESEL	2014.963836	104.222398	15.000000	0.000000	3.410915	Infinity	0.000000	0.260138	1.000000	0.296804	0.296804	0.074944	0.000000	
BUS_COACH_HYDIESEL	0.000034	0.000001	15.000000	0.000000	0.000000	Infinity	0.000000	0.000000	1.000000	0.000121	0.296804	0.074944	0.000000	
BUS_COACH_CNG_STOICH	3357.453013	172.146260	15.000000	0.000000	5.633878	Infinity	0.000000	0.429675	1.000000	0.296804	0.296804	0.074944	0.000000	
BUS_COACH_FC_HYBRIDH2	0.000028	0.000001	15.000000	0.000000	0.000000	Infinity	0.000000	0.000000	1.000000	0.000076	0.296804	0.074944	0.000000	
TRAIN_PUB	5542.721558	200.038615	40.000000	0.000000	3.680377	Infinity	0.000000	0.260138	0.500000	0.275073	0.275073	0.033427	0.000000	
CAR_GASOLINE	21548.239185	1272.909669	10.000000	0.000000	53.037903	Infinity	0.000000	0.221220	1.000000	0.051370	0.051370	0.108434	0.000000	
CAR_DIESEL	39762.321611	2272.294970	10.000000	0.000000	94.678957	Infinity	0.000000	0.394903	1.000000	0.051370	0.051370	0.108434	0.000000	
CAR_NG	165.528076	9.487662	10.000000	0.000000	0.395319	Infinity	0.000000	0.001649	1.000000	0.051370	0.051370	0.108434	0.000000	
CAR_METHANOL	0.003012	0.000178	10.000000	0.000000	0.000007	Infinity	0.000000	0.000000	1.000000	0.003811	0.051370	0.108434	0.000000	
CAR_HEV	0.000201	0.000016	10.000000	0.000000	0.000000	Infinity	0.000000	0.000000	1.000000	0.000246	0.051370	0.108434	0.000000	
CAR_PHEV	0.000944	0.000069	10.000000	0.000000	0.000002	Infinity	0.000000	0.000000	1.000000	0.000371	0.051370	0.108434	0.000000	
CAR_BEV	48524.815847	916.323284	10.000000	0.000000	91.632328	Infinity	0.000000	0.382196	1.000000	0.051370	0.051370	0.108434	0.000000	
CAR_FUEL_CELL	0.000026	0.000000	10.000000	0.000000	0.000000	Infinity	0.000000	0.000000	1.000000	0.000018	0.051370	0.108434	0.000000	
TRAIN_FREIGHT	687.900915	13.757437	40.000000	0.000000	6.587827	Infinity	0.000000	1.000000	1.000000	0.342466	0.342466	0.033427	0.000000	
BOAT_FREIGHT_DIESEL	796.956854	41.223354	40.000000	0.000000	10.793023	Infinity	0.000000	0.669215	1.000000	0.114155	0.114155	0.033427	0.000000	
BOAT_FREIGHT_NG	397.327942	20.372829	40.000000	0.000000	5.333977	Infinity	0.000000	0.330730	1.000000	0.114155	0.114155	0.033427	0.000000	
BOAT_FREIGHT_METHANOL	0.000041	0.000002	40.000000	0.000000	0.000001	Infinity	0.000000	0.000000	1.000000	0.000621	0.114155	0.033427	0.000000	
TRUCK_DIESEL	16370.856392	846.770183	15.000000	0.000000	45.634321	Infinity	0.000000	0.857491	1.000000	0.092593	0.092593	0.074944	0.000000	
TRUCK_FUEL_CELL	0.000872	0.000025	15.000000	0.000000	0.000002	Infinity	0.000000	0.000000	1.000000	0.001933	0.092593	0.074944	0.000000	
TRUCK_NG	2743.520719	140.667453	15.000000	0.000000	7.580881	Infinity	0.000000	0.142448	1.000000	0.092593	0.092593	0.074944	0.000000	
TRUCK_METHANOL	0.000107	0.000006	15.000000	0.000000	0.000000	Infinity	0.000000	0.000000	1.000000	0.000277	0.092593	0.074944	0.000000	
TRUCK_ELEC	0.000004	0.000000	15.000000	0.000000	0.000000	Infinity	0.000000	0.000000	1.000000	0.000006	0.092593	0.074944	0.000000	
HABER_BOSCH	0.001115	0.000022	20.000000	0.000000	0.000001	Infinity	0.000000	0.001081	1.000000	0.001081	0.997000	0.058246	0.000000	
OIL_TO_HVC	0.000037	0.000000	15.000000	0.000000	0.000000	Infinity	0.000000	0.000000	1.000000	0.000000	0.997000	0.074944	0.000000	
GAS_TO_HVC	0.000000	0.000000	25.000000	0.000000	0.000000	Infinity	0.000000	0.000000	1.000000	0.000000	0.997000	0.048263	0.000000	
BIOMASS_TO_HVC	0.000000	0.000000	20.000000	0.000000	0.000000	Infinity	0.000000	0.000000	1.000000	0.000000	0.997000	0.058246	0.000000	
METHANOL_TO_HVC	0.000000	0.000000	20.000000	0.000000	0.000000	Infinity	0.000000	0.000000	1.000000	0.000000	0.997000	0.058246	0.000000	
SYN_METHANOLATION	0.000312	0.000009	20.000000	0.000000	0.000000	Infinity	0.000000	0.000163	1.000000	0.000489	0.947150	0.058246	0.000000	
METHANE_TO_METHANOL	0.000242	0.000011	25.000000	0.000000	0.000000	Infinity	0.000000	0.000181	1.000000	0.000543	0.847450	0.048263	0.000000	
BIOMASS_TO_METHANOL	0.000336	0.000005	20.000000	0.000000	0.000000	Infinity	0.000000	0.000133	1.000000	0.000399	0.997000	0.058246	0.000000	
PHS	382.199991	0.000000	50.000000	5.000000	6.500000	6.500000	0.000000	-1.000000	1.000000	0.000618	1.000000	0.028572	
BATT_LI	0.001167	0.000002	15.000000	0.000000	0.000003	Infinity	0.000000	-1.000000	1.000000	0.000046	1.000000	0.074944	
BEV_BATT	0.000000	0.000000	1.000000	0.000000	90.905088	Infinity	0.000000	-1.000000	1.000000	0.005495	1.000000	1.015000	
PHEV_BATT	0.000000	0.000000	1.000000	0.000000	0.000000	Infinity	0.000000	-1.000000	1.000000	0.000017	1.000000	1.015000	
TS_DEC_HP_ELEC	5.813118	0.040696	20.000000	0.000000	0.306437	Infinity	0.000000	-1.000000	1.000000	0.025888	1.000000	0.058246	
TS_DEC_DIRECT_ELEC	0.001303	0.000009	20.000000	0.000000	0.000069	Infinity	0.000000	-1.000000	1.000000	0.000661	1.000000	0.058246	
TS_DHN_DAILY	0.002164	0.000006	40.000000	0.000000	0.000721	Infinity	0.000000	-1.000000	1.000000	0.000297	1.000000	0.033427	
TS_DHN_SEASONAL	141.672635	0.773262	25.000000	0.000000	248.548482	Infinity	0.000000	-1.000000	1.000000	0.000952	1.000000	0.048263	
TS_DEC_THHP_GAS	75.160682	0.526175	20.000000	0.000000	3.962081	Infinity	0.000000	-1.000000	1.000000	0.026140	1.000000	0.058246	
TS_DEC_COGEN_GAS	3.322286	0.023258	20.000000	0.000000	0.175134	Infinity	0.000000	-1.000000	1.000000	0.046277	1.000000	0.058246	
TS_DEC_COGEN_OIL	0.001304	0.000009	20.000000	0.000000	0.000069	Infinity	0.000000	-1.000000	1.000000	0.000653	1.000000	0.058246	
TS_DEC_ADVCOGEN_GAS	0.001303	0.000009	20.000000	0.000000	0.000069	Infinity	0.000000	-1.000000	1.000000	0.000627	1.000000	0.058246	
TS_DEC_ADVCOGEN_H2	0.001294	0.000009	20.000000	0.000000	0.000068	Infinity	0.000000	-1.000000	1.000000	0.000492	1.000000	0.058246	
TS_DEC_BOILER_GAS	85.952318	0.601724	20.000000	0.000000	4.530960	Infinity	0.000000	-1.000000	1.000000	0.016362	1.000000	0.058246	
TS_DEC_BOILER_WOOD	23.503100	0.164537	20.000000	0.000000	1.238962	Infinity	0.000000	-1.000000	1.000000	0.019111	1.000000	0.058246	
TS_DEC_BOILER_OIL	17.028397	0.119210	20.000000	0.000000	0.897649	Infinity	0.000000	-1.000000	1.000000	0.000464	1.000000	0.058246	
TS_HIGH_TEMP	0.001831	0.000020	25.000000	0.000000	0.000065	Infinity	0.000000	-1.000000	1.000000	0.011441	1.000000	0.048263	
GAS_STORAGE	571.261004	14.957487	50.000000	0.000000	11425.220073	Infinity	0.000000	-1.000000	1.000000	0.000139	1.000000	0.028572	
H2_STORAGE	0.011186	0.000705	20.000000	0.000000	0.001807	Infinity	0.000000	-1.000000	1.000000	0.000013	1.000000	0.058246	
CO2_STORAGE	0.022728	0.000227	30.000000	0.000000	0.000459	Infinity	0.000000	-1.000000	1.000000	0.000004	1.000000	0.041639	
GASOLINE_STORAGE	0.011871	0.000471	20.000000	0.000000	1.187063	Infinity	0.000000	-1.000000	1.000000	0.000175	1.000000	0.058246	
DIESEL_STORAGE	0.011862	0.000471	20.000000	0.000000	1.186203	Infinity	0.000000	-1.000000	1.000000	0.000013	1.000000	0.058246	
METHANOL_STORAGE	0.011862	0.000471	20.000000	0.000000	1.186191	Infinity	0.000000	-1.000000	1.000000	0.000000	1.000000	0.058246	
AMMONIA_STORAGE	0.011862	0.000471	20.000000	0.000000	1.186200	Infinity	0.000000	-1.000000	1.000000	0.000000	1.000000	0.058246	
LFO_STORAGE	0.011863	0.000471	20.000000	0.000000	1.186263	Infinity	0.000000	-1.000000	1.000000	0.000024	1.000000	0.058246	
EFFICIENCY	1600.000002	0.000000	1.000000	0.000000	0.285714	Infinity	0.000000	-1.000000	1.000000	0.000000	1.000000	1.015000	
DHN	1802.742318	0.000000	60.000000	0.000000	2.182814	Infinity	0.000000	-1.000000	1.000000	0.000000	1.000000	0.025393	
GRID	81618.500002	0.000000	80.000000	0.000000	1.089422	Infinity	0.000000	-1.000000	1.000000	0.000000	1.000000	0.021548	
H2_ELECTROLYSIS	0.000171	0.000005	15.000000	0.000000	0.000000	Infinity	0.000000	-1.000000	1.000000	0.000331	0.897300	0.074944	
SMR	0.000612	0.000057	25.000000	0.000000	0.000001	Infinity	0.000000	-1.000000	1.000000	0.004531	0.857420	0.048263	
H2_BIOMASS	0.000210	0.000015	25.000000	0.000000	0.000000	Infinity	0.000000	-1.000000	1.000000	0.000224	0.857420	0.048263	
GASIFICATION_SNG	0.000232	0.000016	25.000000	0.000000	0.000000	Infinity	0.000000	-1.000000	1.000000	0.000319	0.847450	0.048263	
SYN_METHANATION	0.000098	0.000025	40.000000	0.000000	0.000000	Infinity	0.000000	-1.000000	1.000000	0.001088	1.000000	0.033427	
BIOMETHANATION	360.224123	4.989960	20.000000	0.000000	0.337782	Infinity	0.000000	-1.000000	1.000000	0.847448	0.847450	0.058246	
BIO_HYDROLYSIS	2981.571049	203.285397	15.000000	0.000000	1.731760	Infinity	0.000000	-1.000000	1.000000	0.847450	0.847450	0.074944	
PYROLYSIS_TO_LFO	0.000308	0.000014	25.000000	0.000000	0.000000	Infinity	0.000000	-1.000000	1.000000	0.000812	0.847450	0.048263	
PYROLYSIS_TO_FUELS	0.000614	0.000017	25.000000	0.000000	0.000000	Infinity	0.000000	-1.000000	1.000000	0.002213	0.847450	0.048263	
ATM_CCS	0.000390	0.000010	40.000000	0.000000	0.000000	Infinity	0.000000	-1.000000	1.000000	0.000116	1.000000	0.033427	
INDUSTRY_CCS	0.000394	0.000010	40.000000	0.000000	0.000000	Infinity	0.000000	-1.000000	1.000000	0.000247	1.000000	0.033427	
AMMONIA_TO_H2	0.000174	0.000016	25.000000	0.000000	0.000000	Infinity	0.000000	-1.000000	1.000000	0.000530	0.857420	0.048263	