TECHNOLOGIES	 c_inv	 c_maint	 lifetime	  f_min	 f	 f_max	 fmin_perc	f_perc	 fmax_perc	 c_p	 c_p_max	 tau	 gwp_constr
 UNITS	[MCHCapitalf/GW]	 [MCHCapitalf/GW]	 [y]	 [GW or GWh]	 [GW or GWh]	 [GW or GWh]	 [0-1]	 [0-1]	 [0-1]	 [0-1]	 [0-1]	 [-]	 [ktCO2-eq./GW or GWh] 
NUCLEAR	9691.459999	205.861972	60.000000	0.000000	2.000000	2.000000	0.000000	0.152928	1.000000	0.849000	0.849000	0.025393	1415.760000	
CCGT	1852.603530	46.920494	25.000000	0.000000	2.399777	Infinity	0.000000	0.071290	1.000000	0.329843	0.961538	0.048263	441.054940	
CCGT_AMMONIA	0.000377	0.000010	25.000000	0.000000	0.000000	Infinity	0.000000	0.000000	1.000000	0.000585	0.961538	0.048263	0.000090	
COAL_US	0.000000	0.000000	35.000000	0.000000	0.000000	0.000000	0.000000	0.000000	1.000000	0.000000	0.868000	0.036934	0.000000	
COAL_IGCC	0.000000	0.000000	35.000000	0.000000	0.000000	0.000000	0.000000	0.000000	1.000000	0.000000	0.856000	0.036934	0.000000	
PV	27487.167883	313.905570	25.000000	0.000000	31.594446	59.200000	0.000000	0.334478	1.000000	0.117546	1.000000	0.048263	65761.627410	
WIND_ONSHORE	10399.999999	120.960000	30.000000	0.000000	10.000000	10.000000	0.000000	0.216200	1.000000	0.240052	1.000000	0.041639	6228.500000	
WIND_OFFSHORE	29847.779986	207.666000	30.000000	0.000000	6.000000	6.000000	0.000000	0.220164	1.000000	0.407423	1.000000	0.041639	3737.099998	
HYDRO_RIVER	580.165797	5.801152	40.000000	0.000000	0.115000	0.115000	0.000000	0.004895	1.000000	0.472656	1.000000	0.033427	145.224299	
GEOTHERMAL	0.000000	0.000000	30.000000	0.000000	0.000000	0.000000	0.000000	0.000000	1.000000	0.000000	0.950000	0.041639	0.000000	
IND_COGEN_GAS	1536.185183	98.744553	25.000000	0.000000	1.091017	Infinity	0.000000	0.128711	1.000000	0.834116	0.850000	0.048263	1117.550909	
IND_COGEN_WOOD	0.000435	0.000016	25.000000	0.000000	0.000000	Infinity	0.000000	0.000000	1.000000	0.001485	0.850000	0.048263	0.000067	
IND_COGEN_WASTE	0.001029	0.000038	25.000000	0.000000	0.000000	Infinity	0.000000	0.000000	1.000000	0.001239	0.850000	0.048263	0.000228	
IND_BOILER_GAS	0.000751	0.000015	17.000000	0.000000	0.000013	Infinity	0.000000	0.000000	1.000000	0.027388	0.950000	0.067080	0.000157	
IND_BOILER_WOOD	275.649625	5.512960	17.000000	0.000000	2.393207	Infinity	0.000000	0.304634	1.000000	0.899999	0.900000	0.067080	69.091897	
IND_BOILER_OIL	0.000212	0.000005	17.000000	0.000000	0.000004	Infinity	0.000000	0.000000	1.000000	0.000911	0.950000	0.067080	0.000048	
IND_BOILER_COAL	279.067285	5.581313	17.000000	0.000000	2.422880	Infinity	0.000000	0.308411	1.000000	0.900000	0.900000	0.067080	116.734344	
IND_BOILER_WASTE	213.240093	4.264777	17.000000	0.000000	1.851364	Infinity	0.000000	0.235662	1.000000	0.899999	0.900000	0.067080	53.448876	
IND_DIRECT_ELEC	622.275479	2.822899	15.000000	0.000000	1.872406	Infinity	0.000000	0.022512	1.000000	0.085007	0.950000	0.074944	2.752437	
DHN_HP_ELEC	1542.080552	52.290713	25.000000	0.000000	4.472910	Infinity	0.000000	0.934778	1.000000	0.591487	0.950000	0.048263	781.819990	
DHN_COGEN_GAS	353.482187	10.335066	25.000000	0.000000	0.281774	Infinity	0.000000	0.064880	1.000000	0.651682	0.850000	0.048263	138.317034	
DHN_COGEN_WOOD	0.001009	0.000037	25.000000	0.000000	0.000001	Infinity	0.000000	0.000000	1.000000	0.002461	0.850000	0.048263	0.000154	
DHN_COGEN_WET_BIOMASS	0.000538	0.000044	25.000000	0.000000	0.000000	Infinity	0.000000	0.000000	1.000000	0.002022	0.750000	0.048263	0.000401	
DHN_COGEN_BIO_HYDROLYSIS	0.000800	0.000039	15.000000	0.000000	0.000000	Infinity	0.000000	0.000000	1.000000	0.001335	0.850000	0.074944	0.000114	
DHN_COGEN_WASTE	0.001007	0.000037	25.000000	0.000000	0.000000	Infinity	0.000000	0.000000	1.000000	0.001109	0.850000	0.048263	0.000223	
DHN_BOILER_GAS	0.000099	0.000002	17.000000	0.000000	0.000002	Infinity	0.000000	0.000000	1.000000	0.003357	0.950000	0.067080	0.000021	
DHN_BOILER_WOOD	0.000128	0.000003	17.000000	0.000000	0.000001	Infinity	0.000000	0.000000	1.000000	0.000953	0.900000	0.067080	0.000032	
DHN_BOILER_OIL	0.000061	0.000001	17.000000	0.000000	0.000001	Infinity	0.000000	0.000000	1.000000	0.000826	0.950000	0.067080	0.000014	
DHN_DEEP_GEO	0.000000	0.000000	30.000000	0.000000	0.000000	0.000000	0.000000	0.000000	1.000000	0.000000	0.850000	0.041639	0.000000	
DHN_SOLAR	0.000247	0.000000	30.000000	0.000000	0.000001	Infinity	0.000000	0.000000	1.000000	0.000288	1.000000	0.041639	0.000151	
DEC_HP_ELEC	4509.966109	188.041810	18.000000	0.000000	9.165853	Infinity	0.000000	0.289671	1.000000	0.349249	1.000000	0.063806	1511.357434	
DEC_THHP_GAS	2067.463171	60.426455	20.000000	0.000000	6.549237	Infinity	0.000000	0.205926	1.000000	0.347475	1.000000	0.058246	2501.350130	
DEC_COGEN_GAS	405.828984	26.086309	20.000000	0.000000	0.288225	Infinity	0.000000	0.009115	1.000000	0.349497	1.000000	0.058246	295.234295	
DEC_COGEN_OIL	0.000441	0.000027	20.000000	0.000000	0.000000	Infinity	0.000000	0.000000	1.000000	0.000391	1.000000	0.058246	0.000346	
DEC_ADVCOGEN_GAS	0.000824	0.000015	20.000000	0.000000	0.000000	Infinity	0.000000	0.000000	1.000000	0.000335	1.000000	0.058246	0.000250	
DEC_ADVCOGEN_H2	0.000667	0.000012	20.000000	0.000000	0.000000	Infinity	0.000000	0.000000	1.000000	0.000158	1.000000	0.058246	0.000202	
DEC_BOILER_GAS	2484.389543	74.544218	17.000000	0.000000	15.670427	Infinity	0.000000	0.478806	1.000000	0.337662	1.000000	0.067080	330.489312	
DEC_BOILER_WOOD	203.165537	7.108988	17.000000	0.000000	0.439334	Infinity	0.000000	0.013815	1.000000	0.347504	1.000000	0.067080	9.265551	
DEC_BOILER_OIL	0.000370	0.000022	17.000000	0.000000	0.000003	Infinity	0.000000	0.000000	1.000000	0.003036	1.000000	0.067080	0.000055	
DEC_SOLAR	315.429852	3.499779	20.000000	0.000000	0.438664	Infinity	0.000000	0.002612	1.000000	0.065798	1.000000	0.058246	97.041167	
DEC_DIRECT_ELEC	0.000584	0.000003	15.000000	0.000000	0.000015	Infinity	0.000000	0.000000	0.050000	0.000596	1.000000	0.074944	0.000021	
TRAMWAY_TROLLEY	541.817461	10.836349	30.000000	0.000000	0.866908	Infinity	0.000000	0.049997	0.050000	0.342466	0.342466	0.041639	0.000000	
BUS_COACH_DIESEL	0.000036	0.000002	15.000000	0.000000	0.000000	Infinity	0.000000	0.000000	1.000000	0.000172	0.296804	0.074944	0.000000	
BUS_COACH_HYDIESEL	0.000056	0.000002	15.000000	0.000000	0.000000	Infinity	0.000000	0.000000	1.000000	0.000200	0.296804	0.074944	0.000000	
BUS_COACH_CNG_STOICH	9484.567314	474.229228	15.000000	0.000000	15.520229	Infinity	0.000000	0.775756	1.000000	0.296804	0.296804	0.074944	0.000000	
BUS_COACH_FC_HYBRIDH2	0.000048	0.000001	15.000000	0.000000	0.000000	Infinity	0.000000	0.000000	1.000000	0.000135	0.296804	0.074944	0.000000	
TRAIN_PUB	5663.206948	204.386972	40.000000	0.000000	3.760380	Infinity	0.000000	0.174196	0.500000	0.275073	0.275073	0.033427	0.000000	
CAR_GASOLINE	0.008970	0.000512	10.000000	0.000000	0.000021	Infinity	0.000000	0.000000	1.000000	0.010965	0.051370	0.108434	0.000000	
CAR_DIESEL	29024.213031	1603.363132	10.000000	0.000000	66.806797	Infinity	0.000000	0.303122	1.000000	0.051370	0.051370	0.108434	0.000000	
CAR_NG	169.742158	9.487661	10.000000	0.000000	0.395319	Infinity	0.000000	0.001794	1.000000	0.051370	0.051370	0.108434	0.000000	
CAR_METHANOL	0.000040	0.000002	10.000000	0.000000	0.000000	Infinity	0.000000	0.000000	1.000000	0.000052	0.051370	0.108434	0.000000	
CAR_HEV	0.000151	0.000012	10.000000	0.000000	0.000000	Infinity	0.000000	0.000000	1.000000	0.000183	0.051370	0.108434	0.000000	
CAR_PHEV	0.000985	0.000073	10.000000	0.000000	0.000002	Infinity	0.000000	0.000000	1.000000	0.000380	0.051370	0.108434	0.000000	
CAR_BEV	66455.692998	1531.837194	10.000000	0.000000	153.183719	Infinity	0.000000	0.695040	1.000000	0.051370	0.051370	0.108434	0.000000	
CAR_FUEL_CELL	0.000033	0.000000	10.000000	0.000000	0.000000	Infinity	0.000000	0.000000	1.000000	0.000028	0.051370	0.108434	0.000000	
TRAIN_FREIGHT	737.042600	14.740229	40.000000	0.000000	7.058443	Infinity	0.000000	1.000000	1.000000	0.342466	0.342466	0.033427	0.000000	
BOAT_FREIGHT_DIESEL	824.479065	41.223354	40.000000	0.000000	10.793023	Infinity	0.000000	0.424734	1.000000	0.114155	0.114155	0.033427	0.000000	
BOAT_FREIGHT_NG	1116.619573	55.830167	40.000000	0.000000	14.617353	Infinity	0.000000	0.575231	1.000000	0.114155	0.114155	0.033427	0.000000	
BOAT_FREIGHT_METHANOL	0.001372	0.000069	40.000000	0.000000	0.000018	Infinity	0.000000	0.000001	1.000000	0.020497	0.114155	0.033427	0.000000	
TRUCK_DIESEL	2174.592070	108.729929	15.000000	0.000000	5.859697	Infinity	0.000000	0.124690	1.000000	0.092593	0.092593	0.074944	0.000000	
TRUCK_FUEL_CELL	13494.982598	404.851715	15.000000	0.000000	33.551247	Infinity	0.000000	0.713948	1.000000	0.092593	0.092593	0.074944	0.000000	
TRUCK_NG	2813.340661	140.667454	15.000000	0.000000	7.580881	Infinity	0.000000	0.161316	1.000000	0.092593	0.092593	0.074944	0.000000	
TRUCK_METHANOL	0.000133	0.000007	15.000000	0.000000	0.000000	Infinity	0.000000	0.000000	1.000000	0.000332	0.092593	0.074944	0.000000	
TRUCK_ELEC	0.000011	0.000000	15.000000	0.000000	0.000000	Infinity	0.000000	0.000000	1.000000	0.000017	0.092593	0.074944	0.000000	
HABER_BOSCH	0.000979	0.000019	20.000000	0.000000	0.000001	Infinity	0.000000	0.000610	1.000000	0.000610	1.000000	0.058246	0.000000	
OIL_TO_HVC	0.000003	0.000000	15.000000	0.000000	0.000000	Infinity	0.000000	0.000000	1.000000	0.000000	1.000000	0.074944	0.000000	
GAS_TO_HVC	0.000000	0.000000	25.000000	0.000000	0.000000	Infinity	0.000000	0.000000	1.000000	0.000000	1.000000	0.048263	0.000000	
BIOMASS_TO_HVC	0.000000	0.000000	20.000000	0.000000	0.000000	Infinity	0.000000	0.000000	1.000000	0.000000	1.000000	0.058246	0.000000	
METHANOL_TO_HVC	0.000000	0.000000	20.000000	0.000000	0.000000	Infinity	0.000000	0.000000	1.000000	0.000000	1.000000	0.058246	0.000000	
SYN_METHANOLATION	0.000304	0.000009	20.000000	0.000000	0.000000	Infinity	0.000000	0.000179	1.000000	0.000536	0.950000	0.058246	0.000000	
METHANE_TO_METHANOL	0.000270	0.000012	25.000000	0.000000	0.000000	Infinity	0.000000	0.000191	1.000000	0.000572	0.850000	0.048263	0.000000	
BIOMASS_TO_METHANOL	0.000421	0.000006	20.000000	0.000000	0.000000	Infinity	0.000000	0.000220	1.000000	0.000660	1.000000	0.058246	0.000000	
PHS	382.199998	0.000000	50.000000	5.000000	6.500000	6.500000	0.000000	-1.000000	1.000000	0.019895	1.000000	0.028572	
BATT_LI	0.001387	0.000002	15.000000	0.000000	0.000005	Infinity	0.000000	-1.000000	1.000000	0.000993	1.000000	0.074944	
BEV_BATT	0.000000	0.000000	1.000000	0.000000	151.967976	Infinity	0.000000	-1.000000	1.000000	0.003709	1.000000	1.015000	
PHEV_BATT	0.000000	0.000000	1.000000	0.000000	0.000000	Infinity	0.000000	-1.000000	1.000000	0.000016	1.000000	1.015000	
TS_DEC_HP_ELEC	356.954947	2.498924	20.000000	0.000000	18.816813	Infinity	0.000000	-1.000000	1.000000	0.036586	1.000000	0.058246	
TS_DEC_DIRECT_ELEC	0.001417	0.000010	20.000000	0.000000	0.000075	Infinity	0.000000	-1.000000	1.000000	0.000737	1.000000	0.058246	
TS_DHN_DAILY	0.002909	0.000008	40.000000	0.000000	0.000970	Infinity	0.000000	-1.000000	1.000000	0.000300	1.000000	0.033427	
TS_DHN_SEASONAL	407.515437	2.232530	25.000000	0.000000	754.658218	Infinity	0.000000	-1.000000	1.000000	0.000918	1.000000	0.048263	
TS_DEC_THHP_GAS	75.284604	0.527043	20.000000	0.000000	3.968614	Infinity	0.000000	-1.000000	1.000000	0.024022	1.000000	0.058246	
TS_DEC_COGEN_GAS	5.185751	0.036304	20.000000	0.000000	0.273366	Infinity	0.000000	-1.000000	1.000000	0.066323	1.000000	0.058246	
TS_DEC_COGEN_OIL	0.001415	0.000010	20.000000	0.000000	0.000075	Infinity	0.000000	-1.000000	1.000000	0.000672	1.000000	0.058246	
TS_DEC_ADVCOGEN_GAS	0.001417	0.000010	20.000000	0.000000	0.000075	Infinity	0.000000	-1.000000	1.000000	0.000701	1.000000	0.058246	
TS_DEC_ADVCOGEN_H2	0.001407	0.000010	20.000000	0.000000	0.000074	Infinity	0.000000	-1.000000	1.000000	0.000544	1.000000	0.058246	
TS_DEC_BOILER_GAS	86.946333	0.608683	20.000000	0.000000	4.583360	Infinity	0.000000	-1.000000	1.000000	0.024086	1.000000	0.058246	
TS_DEC_BOILER_WOOD	5.494104	0.038462	20.000000	0.000000	0.289621	Infinity	0.000000	-1.000000	1.000000	0.022053	1.000000	0.058246	
TS_DEC_BOILER_OIL	0.013828	0.000097	20.000000	0.000000	0.000729	Infinity	0.000000	-1.000000	1.000000	0.000186	1.000000	0.058246	
TS_HIGH_TEMP	0.006570	0.000070	25.000000	0.000000	0.000234	Infinity	0.000000	-1.000000	1.000000	0.039902	1.000000	0.048263	
GAS_STORAGE	806.588229	21.119125	50.000000	0.000000	16131.764571	Infinity	0.000000	-1.000000	1.000000	0.000130	1.000000	0.028572	
H2_STORAGE	0.011483	0.000724	20.000000	0.000000	0.001855	Infinity	0.000000	-1.000000	1.000000	0.000052	1.000000	0.058246	
CO2_STORAGE	0.028957	0.000290	30.000000	0.000000	0.000585	Infinity	0.000000	-1.000000	1.000000	0.000004	1.000000	0.041639	
GASOLINE_STORAGE	0.012874	0.000511	20.000000	0.000000	1.287400	Infinity	0.000000	-1.000000	1.000000	0.000000	1.000000	0.058246	
DIESEL_STORAGE	0.012876	0.000511	20.000000	0.000000	1.287574	Infinity	0.000000	-1.000000	1.000000	0.000064	1.000000	0.058246	
METHANOL_STORAGE	0.012874	0.000511	20.000000	0.000000	1.287397	Infinity	0.000000	-1.000000	1.000000	0.000000	1.000000	0.058246	
AMMONIA_STORAGE	0.012874	0.000511	20.000000	0.000000	1.287401	Infinity	0.000000	-1.000000	1.000000	0.000000	1.000000	0.058246	
LFO_STORAGE	0.012874	0.000511	20.000000	0.000000	1.287413	Infinity	0.000000	-1.000000	1.000000	0.000000	1.000000	0.058246	
EFFICIENCY	3199.999998	0.000000	1.000000	0.000000	0.571429	Infinity	0.000000	-1.000000	1.000000	0.000000	1.000000	1.015000	
DHN	3926.804012	0.000000	60.000000	0.000000	4.754691	Infinity	0.000000	-1.000000	1.000000	0.000000	1.000000	0.025393	
GRID	92433.816069	0.000000	80.000000	0.000000	1.233782	Infinity	0.000000	-1.000000	1.000000	0.000000	1.000000	0.021548	
H2_ELECTROLYSIS	0.000381	0.000010	15.000000	0.000000	0.000001	Infinity	0.000000	-1.000000	1.000000	0.001066	0.900000	0.074944	
SMR	0.000559	0.000052	25.000000	0.000000	0.000001	Infinity	0.000000	-1.000000	1.000000	0.005298	0.860000	0.048263	
H2_BIOMASS	0.000267	0.000019	25.000000	0.000000	0.000000	Infinity	0.000000	-1.000000	1.000000	0.000338	0.860000	0.048263	
GASIFICATION_SNG	0.000331	0.000023	25.000000	0.000000	0.000000	Infinity	0.000000	-1.000000	1.000000	0.000548	0.850000	0.048263	
SYN_METHANATION	0.000101	0.000026	40.000000	0.000000	0.000000	Infinity	0.000000	-1.000000	1.000000	0.000917	1.000000	0.033427	
BIOMETHANATION	333.069822	4.613793	20.000000	0.000000	0.337782	Infinity	0.000000	-1.000000	1.000000	0.849991	0.850000	0.058246	
BIO_HYDROLYSIS	2756.812771	187.961272	15.000000	0.000000	1.731764	Infinity	0.000000	-1.000000	1.000000	0.850000	0.850000	0.074944	
PYROLYSIS_TO_LFO	0.000453	0.000021	25.000000	0.000000	0.000000	Infinity	0.000000	-1.000000	1.000000	0.001756	0.850000	0.048263	
PYROLYSIS_TO_FUELS	0.000516	0.000014	25.000000	0.000000	0.000000	Infinity	0.000000	-1.000000	1.000000	0.002211	0.850000	0.048263	
ATM_CCS	0.000479	0.000012	40.000000	0.000000	0.000000	Infinity	0.000000	-1.000000	1.000000	0.000111	1.000000	0.033427	
INDUSTRY_CCS	0.000480	0.000012	40.000000	0.000000	0.000000	Infinity	0.000000	-1.000000	1.000000	0.000227	1.000000	0.033427	
AMMONIA_TO_H2	0.000219	0.000020	25.000000	0.000000	0.000000	Infinity	0.000000	-1.000000	1.000000	0.000811	0.860000	0.048263	